0
8.861272788447653 1.7584909788114822 -0.009543991064543204 -0.02844138243053455
0.889685756193539 7.858711797250619 0.015809342734595996 0.02549636606067768
8.223055098023703 1.7268531581239066 -0.012502704211714358 0.0272705406509365
19.337776764606097 13.962999732066024 -0.0063902914532137384 -0.02931150243749002
19.407906586406963 4.5599637670812925 -0.01981898731105085 -0.022521273098215503
5.613845554937877 14.19767295322444 -0.001679876958072604 -0.029952929963623535
11.91146826892326 0.934371411227588 -6.779580488826152E-4 -0.029992338569774037
5.8667616665122875 18.297539585695574 0.01464735617964883 -0.02618119471961704
18.18734500556319 2.792189135142984 0.015627719758594175 0.025608091985676037
7.057328629447179 6.780250037866679 0.014638245185109953 0.02618628988422387
6.6913539046521215 14.107967383782988 -0.007653213861219781 0.02900738384609052
16.163660476778432 18.31588220185701 -0.027330799409008233 0.012370424554741648
4.6975649084582605 0.3721154802315674 0.02267179739299276 -0.019646618105187637
3.67745472831289 14.208726959936438 -0.004844469762023079 0.02960626813235407
3.4737088610993605 12.642559948475174 -0.028585435424690595 -0.009103454376270796
15.065341122190121 1.675973800084083 0.021754033046327788 0.020658219822125973
17.586923433574672 5.846350073331217 -4.0388359387677735E-4 0.029997281177510025
5.3667464827922995 17.829017786713827 -0.017275864911401186 0.024526403967214953
9.161210253334207 0.24701495608663748 -0.015541945099298075 0.025660240500244815
2.028396504195915 16.15576694589676 -0.02589229821476536 0.015152191034885304
15.438541880449518 4.026142234461833 0.023193015868822064 0.019028505325131766
9.142654858001125 16.104890952859346 0.02859479385847549 0.009074015880044094
16.057178099566915 9.090930820975316 -0.022182069858350525 -0.020197915159720248
18.106952252667714 16.761218201353948 0.021204402190636976 -0.02122200103048037
5.54161865141384 12.782905809965614 0.025669487945096617 -0.015526667016347693
1.9366134942588609 8.688714827793682 0.02992295783852874 -0.0021486261176927616
0.524595098774232 7.333585146370771 0.02996484691576429 -0.0014518778580896827
15.562937778388296 8.354478988208623 0.02313549093457128 -0.019098404624899177
2.555793227829606 4.835214863655947 0.02998410606329092 -9.764136343376835E-4
15.889513909133296 10.122199384381751 -0.02429174720542414 0.017604289753005327
1.7954392212060255 7.250736829251531 -0.022434598498572496 0.019917047728211346
12.556948075173086 8.04238898789337 0.018252989651205892 0.023808157610217776
8.681730920172841 3.5964888906728865 0.022909984038381022 -0.019368340955309694
13.611501059452227 18.432630442714984 -0.025132850183564176 0.01638108182173931
7.4751371299162495 15.850769939129222 -0.028442697228455754 -0.009540072031719428
5.8560878842193205 2.8349159066633978 0.00614439211445377 -0.029364033196137045
13.533103266153192 3.265860811634369 -0.02220159296449764 0.020176453351339246
14.789742712284294 16.09713673820129 -0.009606544769912266 -0.02842031487481571
14.806465849508509 4.422434637032202 -0.019709792292749256 -0.02261689827931058
16.858485799627424 16.22771888592905 0.009832537225857231 0.0283429217213422
15.362204277280174 16.333004724132337 -0.0075785908342309695 -0.02902696954501641
11.328633434974462 9.929553563695281 0.02443086549570682 0.017410709667635086
6.151765431262883 9.882227617557708 0.01732187506580681 0.02449393076263139
0.47244389517907326 2.382536594446494 0.019100841192713602 0.023133479326092197
5.623438313758626 16.530979553915593 0.018741159129191765 0.02342581811792946
15.882653458856755 2.4014761870756307 -0.023254010996228976 -0.018953917077671883
13.42185636613708 19.090238560374853 -0.026356460962780773 -0.014329583577948564
12.501464581637213 18.473646095019355 -0.020545581505477646 0.0218604455718948
16.065974714724828 2.0094297900391833 0.004411959795031152 0.029673803442885928
8.19289675169053 9.74113850303613 0.007699009816076271 -0.028995262507036577
9.324587831252654 7.4790624174308284 0.02430294621142655 0.01758882615311516
9.174681389892205 4.538149501375801 -0.02987754122898263 -0.0027078644926294233
1.628881627375911 12.113762293821944 0.02297399273747645 -0.019292373044765106
5.064061580298375 1.8607654196275902 0.016266023172668922 0.02520746893573803
13.32547026289828 5.391168946591753 0.02978408069642322 -0.0035928452609247713
2.325504085424941 5.812396140684326 0.025520672925242197 0.015770074617540968
3.369083388911178 11.644201555637546 0.014752170339593675 -0.026122279193661734
3.1194731742991233 15.745101341726727 -0.0011649964355302128 0.029977371187367343
17.107381640852058 9.445890796426013 -0.016190713902939118 -0.02525590590957239
15.459562311119177 5.056373444694852 -0.00797696865551103 -0.02892002716231426
3.484521888581593 8.831900133232617 0.012659165128497886 -0.02719826351533169
8.647498205505695 7.390826858496775 -0.029054237660853775 -0.00747337098949505
18.085865747735635 2.0579825656558492 -0.0037316206774835573 -0.02976701206233802
19.566324736684038 11.762417691109393 -0.029999380276989892 1.9282893079005162E-4
9.201933334813738 17.50758150715835 0.009360239856782283 -0.028502384283135056
15.903479806777503 17.718620644220483 0.025561324402305397 -0.01570409802567809
0.1810702817688581 9.90547626539669 0.007923586411922855 -0.02893469851878176
13.017036866290264 1.4141504119593273 -0.029972849572781624 -0.0012760440773752428
3.880672409918031 10.051444429190184 0.004632792257826482 0.029640128810378388
4.157116856550081 15.086652083611291 0.018783785621859617 -0.023391652308291943
18.566909608205023 1.6953501595300047 -0.027485689702302037 0.012022348422366063
7.254915951823479 11.106059397386028 -0.02956056931247182 -0.0051159302108755664
2.1410664434672455 15.701365028399174 -0.025937278490194036 0.015075064992301618
14.575981586962657 1.116317433027858 -0.026790316112777657 -0.013501072645439907
9.512560272268571 17.001297219232516 -0.02678631925508091 -0.013509000731544936
9.221816703582311 17.85367793221186 -0.010309635899135318 0.02817288426177306
1.15779442969838 18.65970487776799 -0.02915579896438724 0.007066780507999088
0.7116581498115826 7.498064090371191 -0.003394599319779386 0.029807326204444325
17.700935774818106 11.248666932970837 0.02436103817915754 -0.01750827857996407
12.57885814097083 12.818857605911319 -0.01648783204606388 0.02506294863779577
12.465828893659907 2.177306866794304 0.00900391104114304 -0.02861694578327992
0.9057582168730183 9.277190623367389 0.02510049018084291 -0.016430623624239242
11.553314901221299 17.097438505494043 -0.0031446263247302407 0.029834733537905337
2.7667948839147805 18.44414326928382 -0.0026019900863495453 -0.029886947779767317
7.708503303442469 8.406554847857532 -0.026753032270787507 0.013574802551720675
17.35886137806279 14.826518702855317 0.007851729348029501 0.028954280275035195
2.1088282070757858 19.524858896075962 -0.023020391843488336 -0.019236984154805965
5.815182834048301 16.13480874037618 -0.029966702525018905 -0.001413060429360881
17.714306118202114 19.303647989152598 -0.02420428275376898 -0.017724353200486653
4.906197501276893 4.294885682738807 -0.026179475652095892 0.01465042847773806
12.902041293535051 0.8351629728209775 -0.005964005621507128 0.029401201284073943
7.547684965491877 19.646629546616435 -0.007904468305337415 -0.02893992710443335
7.121025447535258 11.223518032389084 0.013463892758419761 -0.026809020716724658
12.7196836113445 16.77742875562126 -0.015671534601269597 -0.025581301828507666
7.0514035014962495 12.62457158718397 -0.028986376453812624 -0.007732398080664043
18.444134790139604 3.7320043976029016 -0.012114517966537045 0.027445190005508272
6.472902201160915 15.089110332237222 0.029985327961518128 -9.381402028477148E-4
4.2066893296589525 11.785661837812578 0.02845188306778366 0.009512641583554244
3.415860492080134 14.405553588289813 -0.029879839066976784 -0.0026823902273099454
19.908256062371763 18.866573226219266 -0.029899642851894382 0.002451806951854289
0.29848946241304075 5.130015625399464 0.008676314918499383 -0.028717965795561236
4.301712957001196 12.802377744850034 -0.013869352826419644 -0.02660152349351979
6.196464821146039 3.145105129477266 0.027967737430904464 -0.010853831719535061
0.053225654868540584 11.023001613557232 0.02572648186520207 0.015432048821832729
3.1339318224223423 2.1737373527494785 -0.02241632931002728 -0.01993760718502629
9.147899379613504 19.78844617332414 -0.006230639283084578 -0.029345853780799822
11.754341282574316 4.3975929455444795 0.004227895205659306 -0.029700587572133366
11.355540217003234 0.47814200807718255 -0.00832270377001742 -0.02882243226996184
5.788420929996818 12.336145261239599 -0.016301426282615723 -0.02518458856428759
0.84114540840317 13.465600452929156 -0.029330867565610878 -0.0063008100946303535
2.685908059408353 4.013482596931873 0.025566145429733147 -0.015696248209866422
18.64093632048467 15.534305598737578 -0.025679061719617664 0.015510828127474905
1.3556111198659981 8.695956269622258 -0.02106133354351115 0.02136399375980465
19.460291561409477 7.031339200309161 -0.01436549710430372 0.026336903632474363
12.340770217753978 9.581057192819035 -0.007693151953085984 0.02899681729132922
13.854383136757964 5.804915701867646 -0.026961014681971634 0.01315688744796846
4.55681432889998 2.1513677950918764 0.014099056445037518 -0.02648049484733331
16.03269866068992 10.66910872111989 -0.020522315073430938 0.021882289277560273
2.9872487082531696 2.809014003836663 0.025391759415574148 -0.015976813004526327
13.929461278667215 15.359339336417548 -0.01664142163139148 -0.024961231662044555
18.958810668130802 18.145234389755768 -0.012118667406963735 0.02744335803576878
3.385279920883535 0.7989496585436107 0.013753512537995208 0.02666159959318286
7.7250300736390205 17.98359939831474 -0.028300186623135118 -0.009954870019027066
9.810716571549627 18.54123541200915 -0.013510717493498341 -0.026785453380722864
4.441165718232871 18.308480760682208 0.00549442214176015 0.029492563898856534
17.006843498932483 9.470833168879695 0.02774027319722885 0.011422663566047393
0.01394959868534773 17.434741850444816 -0.029928728616796314 -0.0020666889901863276
18.29585405789351 10.669270935445088 0.0171081876225228 0.024643658743631343
11.994953815012472 0.3097079432984362 0.02808334478776824 -0.010551101626433633
15.09838185162694 9.634938180697786 -0.013319510951094498 -0.026881045887830957
15.33246947601803 12.621398040946028 0.024886813178971567 -0.01675250816430086
3.8529282999512415 2.0986082072626644 0.029280560847238787 0.006530601539762393
4.516831139869499 15.31224370650909 -0.016229188197432104 -0.025231199940794147
5.913723007805491 9.230156501288313 -0.009552093850043087 -0.02843866211832
16.998920814855897 18.997137542525685 0.02847627178501918 0.009439382671855219
4.930960925907144 7.266082518805963 0.028150227224187047 -0.010371340666791268
10.719432664179937 0.4281556705940348 -0.017103784074192805 -0.024646715203925015
11.293746330076743 1.114136109173991 0.0248077265674141 -0.01686940136923704
12.583130118508555 14.242744600836406 -0.011070685900054692 -0.027882609521031745
18.52069891119371 10.361529784686201 0.002016152061407022 0.029932175511734594
4.611090962731899 13.422043634206132 0.02587196944057396 0.015186875823091693
17.973135886829912 6.815216504717531 0.029879188297361716 0.002689629470912812
8.605570012361628 12.753422249416124 0.02999321652585118 6.379360731354341E-4
7.8355098467474305 6.162246920294874 0.029998104825808544 -3.3720447773109206E-4
5.20491555751973 18.65569305370054 0.001985551334802005 0.02993422098363119
12.78943781616209 19.9186246065666 -0.02082288010934677 0.0215964734146983
19.365710883051964 14.443944298451116 0.02235830739773469 -0.0200026520818716
0.9706883540026134 18.337109169920573 0.019723469849514633 -0.022604971512817422
10.199295400758587 6.8779635051861865 -0.02179215648984984 -0.020617999794400405
4.349961123822954 19.606351540972373 -0.02983052129503924 -0.0031843365503995418
0.7607763793693367 12.985893886303263 0.01182488866792892 0.027571217020492332
3.262733975259944 8.171390159049105 0.005197992317520666 0.029546249776697484
13.328922667132266 16.952562265822348 -0.025354792612739423 -0.016035413669904942
2.012844317709781 6.452139605656191 0.02941441848334171 -0.005898473131823659
1.8506449699524752 17.516909172153984 -0.029453585168825 0.005699677245491364
12.808438906458887 4.182866457268339 -0.02980268408463438 -0.003435115915290278
7.917464126543694 4.979636227730664 0.005052336651059422 -0.029571504770037685
13.214395095209747 11.030060828590917 0.0014483761472120164 0.029965016378039697
15.694161553706557 12.662627377838422 0.01617176184049121 0.02526804541262407
7.216902788025932 7.494319226321484 -8.809282248533253E-4 -0.02998706330174158
8.87004369930074 15.505393880573061 0.029513971507526143 0.005378241892378502
12.225586833992775 1.2271831205164885 0.024877148348843692 0.016766856891785756
6.626661450704421 14.387812923715265 0.029850888730555216 0.0029873804571917853
0.1558797730146 19.097078839858856 0.014556671792946183 0.026231723281409568
11.925717149464143 10.627256776426945 -0.015712920930520267 0.025555901780825854
7.3463787928680695 6.357861411238841 -0.016870579410097453 0.024806925451728107
13.668037142054315 13.743928249686437 -0.02708737053177275 0.01289474147373452
8.617137302409603 13.28478168035334 -9.764947965279364E-4 0.029984103420185065
12.447174767491308 5.790312285166519 0.028744442982527395 -0.008588189426429268
9.34730866040383 5.259217342493465 -0.012575287783003666 0.027237146274428945
19.145209287868287 17.00618657254639 0.008453436419699523 0.028784360557394664
6.063795045466245 6.556051744814337 -0.029956471681979166 0.0016154888940442215
6.3569085391769224 5.934127554548494 -0.0040941863987476465 -0.029719314220424228
1.643589673427801 11.504408588456215 0.029468264264751257 -0.0056232909601748385
7.882398727116819 8.99391549679522 -0.007741712782099403 0.02898389006326581
2.7358817376030964 3.1793397129681966 -0.023279593206063768 0.018922487684239344
13.036145009438227 12.387263670673965 -0.010810776712977909 -0.02798440828143655
12.237715064115369 11.702308780601914 0.019278384059615048 0.02298573270639812
5.4571177684369605 6.543828669525116 -0.005675159198578387 0.029458319165743162
12.37864395930709 17.382688088535666 -0.020423906180794992 0.021974167932326448
14.084842696501267 19.52011009831543 0.024420707910989003 -0.01742495409251224
8.892373594522248 12.559262751773945 0.02372012607076388 0.01836724310251998
14.039345561868792 11.156600512956324 -0.02804406903183075 0.010655054769352966
14.521409708495883 17.775727716944232 -0.02896699608149027 0.007804686926131443
12.798114028686197 0.6549386924566547 -0.0023247151133726986 -0.02990979270475903
2.296238087417526 8.960605873644559 -0.015568522568933723 -0.025644124181196
1.2258664775696282 13.762902405664452 -0.016850529528082716 -0.024820549039519905
3.1730974174351623 12.130729337778972 0.028378754309970045 -0.009728633193535277
7.046443411463281 15.095363449036556 0.029131848897876185 0.0071648712334074815
7.16098939676201 18.78666984849223 -0.019581508545632738 0.02272805585784477
1.0512968798365518 10.355850696428377 -0.009607326402536824 -0.02842005065785631
6.4137398394457374 10.0440755707514 0.029429339467341286 -0.005823570941955499
12.954109394538992 12.375666438737568 0.010051005652205248 -0.028266186254592925
18.238707270396628 0.5100231450518966 -0.008116867866328238 0.028881074357450208
17.001844570587487 14.912602158173986 0.01806044161008185 0.02395454964821556
6.849673603162351 7.269050183326837 0.01933419887446206 -0.022938804543453217
18.35225615557586 5.943737076664193 -0.023643682410307964 -0.018465543102776417
7.174545619242081 16.827739161196472 0.02388318137782626 -0.018154714188712884
14.377385063594868 5.578597512648395 -0.027656194188442184 0.011624754750581914
10.263330693139457 8.655363242444214 0.006452209020223063 -0.02929793505964801
3.4400824495660665 16.47965254547963 -0.015303842716941426 0.025802953282427165
16.91039404610035 11.664499085482165 -0.003621605119731105 -0.029780597313632536
13.741968148772052 11.513754805621186 -0.025759406640175654 -0.015377027331252105
19.026840379791444 6.650372614309759 -0.029262172824221576 -0.006612506454090476
1.4196516129572556 4.915200617913786 -0.027858961101861673 -0.011130062278574996
3.0309981820625453 8.839382794082395 0.02258919358890072 -0.019741538263346313
8.472394067238318 1.1006771817679772 -0.023115968793066967 -0.019122028834774672
7.961938991328735 19.21148878028443 0.01851211107069363 -0.023607239222456795
4.076857768092259 6.957941820824365 -0.025584931435862067 0.015665608300421557
5.9948089607240584 18.52121767249173 0.021267333485988738 -0.021158934906930972
7.559037732034439 7.390737907706515 0.0019734256481840234 -0.02993502281961865
13.316967447718245 4.748779858877155 -0.011890062037431202 -0.02754317383211378
6.363112238465709 4.536677269398341 2.2917320589160178E-4 -0.029999124647924334
14.617590758847744 12.304404577479351 -0.010923875648216673 0.027940453482760415
9.832625272160103 3.714670179538715 -0.027808659581766444 0.011255152254209151
10.395005807222962 12.361325573685873 0.01508053945390094 -0.0259340958928461
9.989348405346215 5.0734712137126685 0.005280439861906898 0.029531626349809867
19.477626177487082 19.31915251667666 -0.028644857625881485 0.008914714330419085
7.685202398822096 1.3100864888592123 0.028473061511957568 -0.009449061759575952
12.105495509290755 13.150406261074775 -0.025627621548409255 0.015595672918201044
8.875972082627596 6.850665334103825 0.009286712630763213 -0.028526425792826254
15.0871080138488 4.247099652399657 0.027905845436270175 -0.011011983948725993
17.123059320908666 1.6191186295755355 0.018915440784661532 0.023285319407771995
9.324955153359225 12.787134709789951 0.028062067699814952 0.010607561284810104
19.00941570795974 7.979597215231891 -0.02995545822659763 0.0016341733183981317
11.725111883536085 13.445320116328707 -0.026901178311516484 0.013278802862155726
16.633914821505645 18.585164411691498 -0.02999947221189058 1.7795226327506922E-4
14.440705263370912 6.781673873873098 -0.029473260707634955 -0.005597044153817388
11.83798824426949 7.591014910667216 0.02983751972356656 0.003118079015319597
1.7533179131847065 17.588751999468165 0.003272713309095751 -0.029820954840455185
9.870192383164767 10.828495971160896 -0.009926985799123517 0.028309979741144284
1.8147739660679885 8.045720081181443 -0.012337073338832912 -0.02734587028112761
3.7967435903195 10.855469636787024 -0.02666885109502991 -0.013739446177743914
11.036423160928809 18.32311327994703 -0.02866701174187691 -0.008843214222842921
6.5447442146471495 10.006276102831578 0.009409305829636935 0.028486224105773658
3.143452734772827 11.35945258326154 0.029968537916690092 -0.001373584775653898
4.8831158297592765 4.3052384123304455 0.020381136905261967 0.022013842428094385
13.764980288352636 2.3773972835359936 -0.008249330246847054 0.028843518344308382
2.2049238922712555 19.96330336125862 -9.991796539134635E-4 -0.02998335604996888
11.801249118669631 1.248690132902106 0.0291244522121259 -0.007194878966570237
16.41211036880003 14.667621399513813 0.024133720508720348 0.017820312410476165
18.529168097138474 19.417086148476038 -0.026845554180607727 -0.013390900669337178
10.695427401078865 11.455590891882911 -0.02599254207346767 0.014979577983341614
18.246254207557882 18.547520354805982 -0.024994057052566788 -0.016592079798899127
12.161864630755183 3.03272890857774 0.02353032229671007 -0.018609780563266964
4.917793242202697 9.626227102461684 -0.025458910425489662 0.015869589785085618
3.139863328510508 9.279667045888695 0.0298584454725135 -0.002910881990898618
18.427242236437674 16.566207496772456 0.02772665796900366 -0.011455672737551723
18.077422842973053 16.667160435134704 -0.016121224343346376 0.02530031868715286
3.217585202470259 13.58857484062099 0.029533814750905663 0.005268186239986872
14.165531718716409 2.566258557250738 0.003055235740405727 0.02984402008058813
8.871087416372196 0.3036984804334897 -0.006574925566672796 0.029270639791311573
3.532608654309717 3.148263039178565 0.01416720191071598 -0.026444099342216313
4.96365383044979 0.49501378328109746 0.007844509532058255 -0.028956237155429002
9.865440985177191 4.7978139907523865 -0.014656114475756377 -0.02617629287109854
5.742365279476895 11.538602769142997 0.027554409594360965 0.011864000670355195
11.856896162856948 5.7319260311065285 -0.003064617007546479 -0.0298430581977963
9.142727992446973 11.036517255496232 -0.029063378302432444 -0.007437744392603102
12.636101479373465 7.785087594525262 0.027788984606235866 0.011303642534793198
0.655293903934564 18.90203111527267 0.006707101232706217 -0.02924063598922278
9.416228654378347 4.980161450562459 -0.010922333526284448 -0.027941056356920412
7.776609526300886 8.54892481070353 0.029882846500427367 0.0026486760904074237
5.549187164397516 13.388800155270673 -0.028180066134626085 -0.010289988952768607
13.381446756260381 15.180218927935647 -0.029902615638515626 -0.0024152801028453547
0.9937505788005851 9.662995869272383 0.004065271062149826 0.029723283317817484
15.414026362611988 6.057856801015824 0.023929882937620627 0.01809311202064955
13.309668706047756 8.19816644029025 -0.029248440632538023 0.006672984382186041
0.8349478577558944 14.11439366806845 -0.01615341397612186 0.02527977881461843
4.548457755498712 9.812480673027315 -0.02588620202683899 0.015162603491012908
9.734873175980162 7.829107372259887 0.017656514789732812 -0.024253813833703484
18.12256637787032 9.678862888472468 0.026441997098887456 -0.014171125199589034
12.830151086938997 15.859871138758619 0.013797933712628375 0.026638637826696645
0.6368007154500144 6.544910114180116 -0.01737803369971779 0.02445411917717489
15.021599437935627 11.861901181873627 0.013931898346099635 -0.02656882023112705
16.934999114887347 17.478792461523863 0.014002240921742466 0.02653181579103625
8.095071714838243 14.035897695871867 0.0063107732647058505 -0.02932872552296594
10.864305996353348 6.880616690276367 -0.023927838601802306 -0.018095815534153178
6.678278697788369 4.469414042191337 -0.027375883724192616 0.012270329674441747
1.53972936035343 10.630777344325239 -0.029937159399488992 0.001940743952608887
18.887134273644772 7.942293065315389 -0.020886527900306734 -0.021534924013557798
15.691311595636092 17.278995074989666 0.014870682950103504 0.026054995463394362
3.2786964416563458 19.673008051512305 0.02999945367507193 1.8105026156599424E-4
4.920948852900557 0.3170998213081888 -0.02983784348874912 -0.003114979284186609
19.296073533189276 1.0384692669314721 -0.006953322069840401 0.02918306550369701
14.748944165782987 6.969688606355828 0.014782836246552189 -0.026104937320507452
2.8005476992813927 14.593644574974643 0.0019933382508636696 0.029933703456432578
5.992567831942952 18.661590630118713 0.0024270375618816475 0.029901663643904758
10.932105698470561 11.174942065927214 -0.02646097665883518 -0.014135654008944178
2.5284992908056148 1.39915205207354 -0.024121579377805673 -0.017836743209460073
11.753637732545453 7.3559807318689945 -0.028559281187517778 -0.00918517599462814
0.5238090670946582 16.690741941305923 0.001616255662761279 -0.02995643032192908
10.185778521284806 9.336976638125691 -0.027027968754844187 0.013018790457917595
18.889412775185427 7.2250825124767815 -0.017255435838854787 0.024540781039143107
9.835750970727023 16.227685112373813 0.024722859414416435 0.016993534722799745
8.566441820514623 19.156105389855583 -0.011417110729098835 -0.02774255904922068
3.609173692917955 1.8045419909821026 -0.02953939469357138 -0.005236808296797458
17.28804640052061 3.2794988096158417 -0.011632979612207198 -0.02765273558514549
8.550634194554432 7.798538205704797 0.00943251517180571 0.028478547321337425
18.09250979279311 0.3360207148019856 0.0279627630596987 0.010866640790379968
12.206433151582324 15.652282273711634 -0.029427721475013432 0.005831741488529248
13.961539371087639 16.78452589594428 0.025540840782576863 -0.015737390257569983
19.89832921797196 7.96090889706663 -0.017344753612607247 -0.024477735232613897
0.8209553906665978 3.2354926457360667 -0.02883757816861192 -0.008270071666509138
11.534850212925402 19.407738794350287 -0.010382616610202521 -0.02814607028211126
18.50801247282252 0.8432237718845692 0.0029559133574353406 -0.0298540211064328
10.798857574868457 12.28524452245683 0.027453195085063508 -0.01209636638091972
19.35606068385135 4.778826386407196 0.028451051404621126 0.009515128689177364
12.506052908113638 9.455594306671744 0.029651945675286426 -0.004556546682506668
0.3864358432789716 17.841075226874626 0.01989248796807778 -0.022456378212879314
0.3360574399128913 12.091224118072398 0.029678336720627405 0.0043813616030931295
14.780158190125023 11.640404258585619 0.002886380430260199 -0.02986082396739599
17.64008794193176 18.42023917991721 -0.027310545285449808 0.0124150761661536
16.816511505136823 13.882044705819327 -0.0010033367776692088 -0.029983217227485384
0.2091395072903457 9.097269123988978 -0.02765432903036994 -0.01162919111030678
0.7376064800202053 15.28476937437403 -0.001962988121313869 0.02993570907186901
9.263492243271203 14.278488446120246 0.01309803528627793 0.026989654900339465
15.390947756422236 1.746380359401225 -0.011937734962703584 -0.027522545012411997
3.95532074097082 4.988137004343014 -0.028384598812246593 -0.009711567858374322
13.816541954429196 0.5879664694404663 -0.02811121905851288 0.010476610284070995
19.75572530509885 18.348813307726978 -0.012226001900000219 -0.027395709108201435
9.419530230015592 14.095630646504596 0.01648000663835374 -0.025068094885727088
17.557669581804333 2.5723452007750303 -0.02962967721460789 0.004699173135578833
0.6794620681899066 10.0878728690049 0.016409577551417514 -0.025114254211184812
19.43660973096715 16.57298213757328 -0.011079628814738356 -0.027879057109730584
5.606437642331732 4.763613598456473 -0.025253647151529342 -0.016194236800357528
12.978080768356016 2.4082093842443886 0.02256525834296473 -0.01976889263249868
19.91321489428731 15.462019965757046 0.025369810053875713 0.016011643820366066
15.050715250345627 11.650532525945323 0.010004203269886068 0.028282784815763826
2.1192669249857032 3.9603736127643496 -0.029999977612864836 3.665006969310378E-5
16.95607451858067 2.859317701457984 0.02410156737547517 -0.017863774798329464
0.9635156125882327 19.25720971827706 -0.021416487124177784 0.021007952762226192
1.0429023719196517 3.6060333206492157 -0.029923942691787483 0.002134866220309436
10.440272343684107 13.079425131679061 0.029908386025873757 -0.002342743120215995
0.08990667399880525 12.497281062464507 0.012096680282606168 -0.027453056772250465
13.788622957408016 3.195990169634164 0.012583990869885202 0.027233126404925413
6.932512236236321 13.263620321914393 -0.0288094929910138 -0.008367383916178734
6.59735923539378 16.536878853226174 -0.01969407383241724 0.02263058673307651
5.767243293840814 1.6016393146340469 -7.312969436382992E-4 0.029991085421842024
1.0113632695612829 14.560849304920776 -0.010326788887632428 -0.02816660134397246
17.081990233884323 16.872832328969565 -0.00703294923872055 0.029163978209523815
6.454386660596234 11.684313720615432 0.006694955515864479 -0.029243419270676876
14.93844576762016 14.213836679109988 -0.024901721468832263 -0.016730339742177927
9.36819477972264 19.207760195059777 0.02689082805418794 0.013299750620222123
4.0189919412705555 0.7742852233342723 0.008745972088664617 0.02869682860917386
5.6973844748058955 13.32555406061452 -0.02974886345055489 -0.003873644717864491
1.0262872793899147 13.784199340282612 -0.025162987039161745 0.016334750786803517
9.148559342650401 8.68649718101679 0.029289933810267087 -0.0064884341246692935
13.20931599485369 12.513275519092712 -0.011924685883723373 -0.027528201295662753
7.985308739032099 16.730775393846116 0.023893583318493304 -0.018141021917252028
9.441708207852056 3.9078917238641497 -0.017672933789587907 -0.02424185247188923
9.087286321349099 9.745918399653807 -0.019700210927622055 -0.022625244515964916
5.791279773745586 19.203920846389288 0.013221064011134976 0.026929602047068416
4.440996570516338 2.2796640594471396 -0.022779906624019734 0.01952116426345882
18.225993835737096 10.977856435677765 0.025947663528102398 -0.01505718291820832
19.817347628767926 7.178196889640029 -0.029273769741051912 -0.0065609759295301015
6.270443999309507 5.215981275635375 -0.003855560503428091 -0.02975121263418359
4.240009170671673 15.978612330683095 -0.028042188107535417 0.01066000404041195
0.2655410468932029 17.78976589607438 0.027151291395750673 -0.012759599348844599
11.509797978898845 15.506758491348581 0.005679044111263665 0.029457570469784526
14.536862547727068 9.401037500517226 0.029676142937966655 -0.004396196119985071
9.512085353897707 3.0852375143703825 0.02778944947791838 -0.011302499622394241
13.326163165668309 16.216054937796144 -0.027423759528608323 -0.012162952491770417
10.72225915228983 1.448472120255604 0.003509699034605758 0.0297939928959931
5.805328610957421 17.094232062030915 0.0072906677645393 -0.02910062136015497
18.10195998826174 6.9367749598701245 -0.02962798153872266 0.00470985243305024
11.829665826598495 3.023131149628755 -0.009302730394194445 0.028521206272051867
7.746843298721668 7.381409032861484 0.00960091315284858 -0.028422217834494532
18.19235657307782 4.0223077154189575 0.02574429572997825 -0.015402312727880304
4.943327578552998 11.81718784297065 0.012694796516589958 0.02718165082187569
3.8461941697611923 15.737890233627095 0.011091351675071555 -0.027874395383934113
18.892942782925964 16.225284438846895 0.020686947491138037 0.021726716353349336
15.63192857441329 18.01821702215928 0.018712298123867054 -0.02344887841504411
16.88177103951138 7.311111862340029 2.341737604986915E-4 0.029999086030242553
8.201659064801293 15.176695013897607 -0.008280416056929045 -0.028834609585082844
8.159837165306538 10.192460618646635 -0.02673350574084734 0.013613216769157914
13.695312634557151 0.0870968055290855 0.029867754615461997 0.0028137580262966007
16.73950091187561 2.081035923379033 0.028977840190120733 0.007764327267434291
19.900298530882313 7.832009585922481 0.02386154067572163 -0.018183148148241055
19.64860961284921 9.793178630005741 0.02999951833397242 -1.6999920485867714E-4
7.618542384677043 8.887945242240978 -0.011768774258656673 -0.02759521611527585
10.246780833843728 17.367403333681487 -0.015275227195866839 0.025819903836278132
7.238243422267637 4.768908168727588 0.028749831999589723 0.008570131854024578
5.8323878048397475 15.279473378633032 -0.005376022390796417 0.029514375874371043
5.454425892533683 2.089856516208357 0.029334087336441668 0.0062858030622994065
4.171949505475898 4.749597823587608 0.024309709812741703 0.017579476921122817
1.034713984562614 14.015715524919806 0.006414863281143176 -0.029306134666384116
17.44846131423459 10.387992829115424 0.02675559440717216 -0.013569751947581718
4.754238843666072 4.331211479798897 -0.021950256779170944 0.020449602131299763
15.563981415007206 18.81905304635766 0.02107468008106494 0.021350828074825683
15.333269038093027 0.6400588019149533 0.029132675024525382 -0.007161511426744713
8.295357050871422 7.792736510703087 0.029435582592838353 0.005791932097339516
18.54753043526632 14.654751525773996 -0.01734266144555554 0.024479217593396267
0.47855704188411563 13.404023503666775 0.011060111848390956 -0.02788680558796726
19.726300323628177 2.7836491238676797 0.01563611047350945 0.02560296953988361
2.6124814155386433 17.104508313077115 0.011923111415909697 -0.027528883271280797
15.626758547702028 16.310981637859726 -0.016892195349016505 0.024792211202122837
15.890642879963863 19.84881173017831 -0.029774277689639222 -0.0036731986143213016
6.131761317602786 2.886138703832133 0.029660430167940913 -0.004500986808767682
13.989476639358758 19.554650724301602 -0.0030391311294829934 0.02984566437487709
11.256749942563298 8.7169023610583 -0.0020207562499767718 -0.029931865030067534
1
10.703619886301954 7.588552250999512 0.016529966922399286 0.02503517911947876
17.401880004273863 1.160430252665321 0.01826219784447687 0.023801095140543096
12.896963740983661 18.67641627672209 0.007321754887656101 -0.029092815356460158
7.4172600381882 5.126579940210396 -0.007201704616782883 -0.029122765160825785
0.8470226104875422 0.8739116324044605 0.013916379837039 -0.026576951898802357
11.569406166904807 3.0888503331567474 -0.008993149007552367 -0.028620329678883154
14.949880360677078 3.3481182611394122 0.020063838015992277 0.02230341686979874
16.55018732001776 10.214608987182014 -0.012493672264597883 0.027274679711131667
19.411985032497604 10.988366180361865 0.023406098071039442 -0.018765781973818292
3.837711819340066 14.291625123899315 -0.029538460867089934 0.005242073025378076
3.9091481598919997 8.48796826772171 -0.012992952980320778 -0.027040398903329318
9.521290084661654 9.293048811171623 -0.01877833569020628 -0.023396027626627663
5.605527073063728 0.663981056627303 0.009764180267291311 0.02836654338667013
18.596851193329798 14.576131016692116 0.02846974642029831 0.009459045341043219
12.196940580925116 9.491306457998467 -0.02780106894168973 -0.011273888668042385
7.119514481828702 5.276941460453475 0.0225758733340281 0.019756769553900228
6.0118298253972675 6.639912178325645 0.005883080716880723 -0.029417500935304926
15.798463529293674 18.30742224890287 -0.005572890511096989 0.02947783729094326
17.34534817213624 19.176697590915513 0.02325278415014217 0.018955422160081187
4.905345126934755 10.783059988436868 0.018472224286416827 0.023638462934639223
8.23070424997808 7.421119678951311 0.023927084812633167 0.018096812215665475
9.948193418873037 0.4475711168205776 -0.01639911515075493 -0.025121087203229878
15.317776857731083 10.55816251405689 -0.01839318138348569 -0.023700018535735272
3.582851548904924 0.8910608619987603 0.026008709854391562 0.014951488611843143
10.420459921385444 16.28307317677773 -0.02965972239393471 -0.004505648401143592
15.775061932895493 16.693385180969848 0.00630755799284555 -0.0293294171808253
1.0369358569904952 5.186575225625496 0.0245553250403262 -0.017234732726791237
11.308405580684473 17.115743551102035 -0.004823167214755782 0.029609745997196683
10.604440964684718 4.431505877774247 -0.013457826566019578 -0.026812066390320192
12.313036645232742 12.099097710218727 0.028694286163638043 -0.00875430988480819
2.7228133909685526 5.104058987797457 0.027884282701125137 0.011066470902854859
10.462301259620876 5.033657348068628 -0.02862644196241025 -0.008973673750073463
16.80750112776234 15.964555707764887 -0.00347776074938099 0.02979773783645438
16.68079476171712 15.40266241829071 -0.026890315356099734 0.013300787196610084
19.78856379426543 6.630982351470573 0.0060524074286814125 -0.029383130607837586
19.397817334773023 6.776823077189061 0.022743408406017577 -0.01956367486125981
13.170742121260098 4.897912454357303 0.027881274575129584 -0.011074047501534057
0.27148290808291176 15.981303740619737 -0.02466610337882085 -0.0170758116675408
4.0617597391112525 16.255937404116768 -0.023059441702140346 -0.01919015759147357
9.545518174167222 15.250870173755253 -0.016047386592066632 0.025347216485538605
8.149857559057274 5.001876561609507 0.022645251381372942 -0.019677209910818835
3.3650403472920853 16.944026569033007 -0.01467808202806952 0.026163981118653607
0.9930003628599238 12.824873308050496 -0.024147107236053678 -0.017802168747951024
19.98889126681058 9.454419291451906 -0.0060226791176284065 0.029389238442771578
18.73446120365025 15.562505407745114 0.0034289998613695723 0.02980338839713913
9.351441308187418 11.325791060007981 0.006189793374060314 0.029354496384479824
11.283391988670672 6.026329645710207 -0.0024353574665324828 0.02990098717450988
5.240684877364334 9.671071906704562 0.019732766614959603 0.022596856456585625
9.332811304611553 10.417318331725715 -0.02668309740756964 0.013711758192812118
6.8039975079133 18.680119425843216 0.021469578986925624 0.020953691276817114
4.006949233926875 8.845499610119074 -0.025940255540429277 -0.015069941688580885
17.43760002262687 17.574904606315272 -0.027564307819570876 0.011840985365582707
5.548364567946917 13.729300204077898 -0.01834699717736887 0.023735789318529495
16.56762625658538 6.573909556205361 -0.01712546694137034 -0.024631654066262613
9.823504784132007 11.21063419510474 -0.005088384125624279 0.029565323387206417
1.5342710355912614 19.434886902963605 0.004683945444858184 -0.029632088267106525
1.5316424526289918 13.951232048721376 -0.02505026705459475 0.01650709303582811
11.827795627175178 5.570276095273849 -0.02876699191514532 0.008512354324977534
7.272229910820922 13.481078231347594 -0.010737850798205287 0.028012471512443918
11.315744227266817 10.623182688651895 -0.01756602565036061 -0.024319431384201257
14.922899320435201 7.2956548232154805 -8.568895763899787E-4 0.02998775984053951
11.801617841630172 7.2422624203622625 0.017527149737474677 0.024347464387080256
6.405417217285249 11.7270151294973 -0.0063266489465297285 0.029325304995982127
15.160953622174418 6.526822536258436 -0.028611180407512298 -0.00902221456676709
15.608139747724419 13.76405892238955 0.024224800399493214 -0.017696300336644193
4.24335275191247 12.59230438237779 0.00888359153394313 -0.02865452497351952
12.16669713657131 1.9267692648685708 -0.025109056725944594 0.016417529361426358
13.477967224165448 18.731763087284914 0.00927313231180755 -0.028530843260017934
3.5930403111024423 12.402164933007109 -0.002721067021881956 0.029876341714849
8.382366040866842 12.959352748766737 0.007525212012332987 0.02904085370937706
14.93739597982117 7.258306150177171 -0.026133016778599718 0.014733140671609211
14.59506597124997 15.992886084062581 -0.003035622290129438 -0.029846021465375735
17.256378491994063 17.936448947140125 -0.029985116000543058 -9.448906994867264E-4
8.212363320761924 17.07759510917121 -0.015847075704181528 0.02547293056611154
7.569269017501941 11.58734632271238 0.004808371207268587 0.029612152342123166
12.62998618878054 17.023014143629545 -0.02940702012472908 -0.005935247878882458
16.076594230989663 8.310347477672568 0.007457108562921021 0.02905841585291273
6.2265044819845645 6.407750026146813 0.02918523197590688 0.006944223103594997
6.9913833974489625 3.0552897838643966 0.019682447732537547 -0.022640699001045164
19.47295769973437 16.528562334484523 0.02197105131924779 -0.02042725884515541
1.63214267216081 11.876849730579707 -0.00675075230130511 -0.02923058917241361
9.743786182219436 6.193936139939929 0.029326382394130913 0.006321652922551852
4.123443024846313 14.345931487849422 0.023528256203696248 -0.018612392646116967
3.507423630721336 7.188961389139925 0.026590927926190864 0.013889656296111967
17.258332617784962 14.117480265802698 0.026052365191634994 -0.014875290515539031
5.897856816933418 1.9061476615659179 0.009126763832851966 -0.028578001713544375
18.347394792486593 10.760729716405805 -0.025451046808581814 0.01588219809558417
0.055638968869926586 8.421530628787096 -0.022541923626289286 -0.019795496437991666
0.2003641975278403 6.745941363639483 -0.00375431699937394 0.029764158040640285
7.160212576267839 9.810407729241533 0.014516734870778024 0.02625384559815071
12.183671958153619 3.6581670050795 -0.025157498915716555 -0.01634320189882387
2.774604299431229 7.793011224708206 -0.028642584411571706 -0.008922015367953007
10.434329522866019 16.917976244852603 0.02612019591482183 -0.01475585867956605
16.945506926871698 6.36568848495862 0.02141486906193291 0.02100960216330306
8.087969067890326 15.113529227381349 0.022931722043137273 -0.01934259869139336
1.3410793530625509 2.833487909905381 0.02928687877852054 -0.00650220973302486
7.534951611933716 1.0072923310869175 -0.029596319992454836 0.004904879499459504
14.39748071513449 13.978733008659392 0.02987880469584368 -0.002693887515771515
2.4289782872755894 9.831204614189346 0.026848273612062483 -0.013385447472977105
18.752704934729817 19.77797468527408 0.020072316657652887 -0.022295786687060636
11.050880263551077 6.020662580833069 -0.023463878002322306 0.018693486274425523
8.879806932324772 10.354933100696993 -0.028389437249030536 -0.009697414742257727
11.727037406709307 2.392392046934557 -0.027256205075523163 -0.012533925358044276
1.4355429831171462 1.4054628992752738 -0.029853014128674242 0.0029660659859780682
0.8053929363597523 12.213608555530692 -0.025251841142958174 -0.016197052784096392
7.996922448706649 15.265456608800916 0.01048545205421098 0.028107922285698077
13.128177615625873 1.846881880399387 -0.00948792582921802 -0.028460134635297448
7.086616959888996 18.664760802990543 -0.009502451594538767 -0.02845528797417885
11.372375374637794 12.831346061294083 -0.017937613922867794 -0.024046663110588534
18.14570301790681 12.007844876990902 0.023659818049347803 -0.018444864051322143
14.8575959170826 11.45836024250761 0.025145221898725853 -0.01636208469797898
18.79333038059945 10.170989015420616 -0.01545590403267231 -0.025712157251635337
9.684494723581507 1.1379572792772485 0.0057972522293985584 -0.029434535270473242
13.64961118336124 1.1693316400955212 -0.02905795494238288 0.007458904381103578
13.041090128536412 19.088464488369734 -0.02975232348138579 -0.0038469790042291105
9.459909409536941 9.926124057958823 0.028832302600385003 0.008288445376536667
16.312502159675876 1.0100368774569435 -0.015007072707996102 -0.025976677399870033
9.45274693651026 1.5091695967564345 -0.013602655827576757 -0.026738880949592713
18.802551140078137 13.255603221620602 0.00482998994737411 0.029608633827116457
7.93430432909304 6.761515345158227 -0.025989444305353823 0.014984951941828566
19.41164064041076 15.359334449881313 0.005513342658389425 0.029489032753401447
13.15198238363382 6.858281919408551 0.011426785328456951 0.027738575613346854
13.94011240853024 1.330327878099955 0.029883702483894263 0.00263900091968377
17.467262769889032 9.019832002611263 -0.019640836107939392 0.022676806586930713
15.663155555645037 16.512204405973442 -0.029508149850834865 -0.005410091716475268
14.821174841442131 18.891579227418987 0.02020281834570854 0.022177604263993494
14.753111286480697 9.629835289596127 0.015446636841728869 0.025717725604721433
8.248573030300932 4.888426410112494 -0.020516422031015377 -0.02188781457901329
14.745946113046104 4.411950906249453 -0.014636455742473334 0.02618729010987237
17.632210875656163 3.460326371549143 0.01694185247146638 0.024758304361063757
11.736525352091416 10.349951973586267 -0.026454981021994898 -0.014146871708115885
8.753747165519695 12.565632929395075 -0.020911289933429146 0.02151087988251677
2.9554243039848704 12.123438983319515 -0.0014206672726059513 -0.029966342861626378
18.703424440655866 2.8789633487148647 -0.029180112073925294 0.006965705947939463
7.879103891745693 7.323733911217847 0.026941313289001904 0.013197182966976298
15.49770833779531 5.086051678526693 0.02820789454784295 0.010213456083900877
17.54367402265032 3.6076183991027877 -0.006549078447291766 0.0292764337222145
17.906714642659587 18.14282519111933 0.017164076661271982 -0.02460476523696128
0.19591518911141081 1.521606703907421 0.028401588224417962 -0.00966176931677645
7.5303195934877465 12.150398459520881 0.024804988796217415 -0.01687342676576185
16.187038164961788 6.096902383010187 0.005248532937042997 -0.029537313723640726
2.54046541603528 13.510230990435389 -0.0018122784355948064 0.029945210750166342
17.895594096330484 8.008734178073151 -0.022409522985105196 -0.01994525706979085
10.621868591074524 5.7000327338420025 0.028846707328279216 0.008238171903802577
15.694299460566743 8.640603441088954 0.008188353549236103 0.028860888173317056
7.826155771416683 11.214438717095858 -0.028037341517959724 -0.010672744754995873
6.227078422209522 8.75110251463773 0.029478577872283047 0.005568971774730422
6.574920642574941 7.245810938650941 -0.02925638667139767 0.006638059877228037
0.6506375489595428 19.502931898934936 -0.01779201113504733 0.024154592519236413
7.112321999494786 16.27801342272313 -0.017511374611750962 0.024358812762672235
7.570171276609646 0.21257744202149764 -0.0021530936003995066 0.029922636714499587
5.462208760114116 13.105430391135883 0.023784319464097828 -0.018284040790529244
6.149587785234722 8.084327189128828 -0.0034863063161653333 -0.029796739222100556
1.4703262703236786 0.4841602447197735 -0.027047382292572725 -0.012978409421782902
0.7287893262343381 11.11097775780568 -0.0011571868594712157 -0.029977673668453112
12.828539885020707 18.722981693161888 -0.020000616175370807 0.022360128635709936
19.097255324992044 1.9001794038956832 0.0010207991447241153 0.02998262778853999
16.042157731469175 0.5166281176668819 -0.02943783323098947 0.005780482217293984
15.655290303526545 4.001985593224977 -0.029652960223948446 0.0045499395553052395
10.007946379989683 15.138939225856022 0.012945768899128806 -0.027063020297268175
19.780066390624206 5.8892869538802834 0.01845233001793388 -0.02365399579160477
10.051277646078717 8.111808511678824 0.02994212385289992 0.0018625840055153757
3.9788051464805485 14.535503565795892 0.017841508076750924 -0.024118055260473042
3.695625759152741 9.448360049078893 -0.0248985039657732 -0.01673512773379325
19.469374713222432 19.937658184262077 -0.006665360171754253 -0.029250179038439954
8.813300548499141 9.773687719282364 -0.029957680789945353 0.0015929098178300012
15.730032620990265 4.27983730405499 -0.0018209978676246388 -0.029944681777673086
10.777461068375164 6.729592550999484 0.008067143424981153 -0.028895002975614717
0.7932656041204122 10.991572621521321 0.00567156842562518 0.029459010702897873
9.384083896809223 10.184346298564124 0.014302128717413666 0.026371369212661887
9.549479142266318 6.934876160261892 0.029999649806161044 -1.4495346736632218E-4
6.158220008144191 3.445322594583091 0.003515845406708498 -0.02979326821743675
15.43794273998584 8.497071916280463 0.003805506206445621 -0.02975765653596909
16.6585825468226 6.899725416496267 0.019350893877188788 0.022924722597095423
7.435668205763692 13.55621995248573 -9.885198870721358E-4 -0.029983709384144967
14.942802214970456 1.71232545618494 0.007501242930007377 -0.029047054145042217
18.448098841877425 16.14135402976967 -0.004014085928430559 0.029730239053179102
13.78460172598691 14.252409241458452 -0.02639371883293001 0.01426084170616292
15.734363319927972 10.087974966273276 -0.029164568130476385 0.007030502525623691
15.813182211495846 0.10580810161890053 0.01845831081543151 -0.023649328993460342
19.977715828086822 8.984806482566617 0.021459444261020887 -0.020964070501888168
19.681367949317902 1.5902165329070894 -0.02301103686910653 0.019248173477206088
11.589390902420984 10.052738463671584 -0.019228424752931125 0.0230275418036938
19.806981890603872 9.80877641157021 0.010618756270732601 0.028057833402862328
13.799764443117422 13.060714818515383 0.02876922820791482 -0.00850479325562462
17.25361182353063 15.061408465416958 0.029731786558172386 -0.004002607657425323
18.47017085286565 16.673058121892517 -0.011636520555399396 0.027651245710885564
17.941890285926878 4.936376113608924 -0.029975674376818272 -0.0012078682274819534
17.215307613137394 4.382946924378128 0.019954430961524536 -0.022401354534977363
8.56764794404584 13.114362512533898 0.02950258210634476 0.005440372143372723
5.6606020856439905 1.9994430114017647 -5.314636039099831E-4 0.02999529207121876
12.243420263494372 2.7596981793068043 -0.017637283615511822 0.02426780226279253
9.209537076220197 16.040204177623544 0.018107727311776005 -0.02391882546452399
7.806708743725988 3.7115930738486225 0.0170833197057062 0.024660904035185532
4.738474817290246 5.795775094509419 0.029999511679474934 1.7116948631995578E-4
17.72178293930747 3.3230663867203747 0.014953538839756001 0.02600753114326519
2.7843180919039745 5.6687108080209185 0.02391500652225947 0.018112770716825377
19.248572792492695 5.965020840616808 0.029129806040974846 0.007173172242124486
1.0941185707029444 13.983766205860885 0.0034791321964148586 0.029797577739807467
7.7069332364060905 18.593356896355992 -0.02646848375075756 -0.014121592259227812
13.353827114766156 11.083489909899063 0.028940894313773228 -0.007900926294999104
5.8093186070019325 10.48144101994242 0.020856987563923644 -0.021563535650684335
10.431519350781372 15.37386724907047 -0.02744595707294042 -0.012112780042183201
11.689127421119423 8.799430188145013 -0.01567901789993509 0.02557671592862373
7.921920004882093 9.211660748020625 0.008432603082876114 0.028790470736802277
13.872797640586974 1.1641519960635316 0.004005695604126237 -0.029731370683624456
8.964679575379462 16.210834540609383 -0.008564545149493534 -0.02875149676768649
3.42561811828598 18.014290816416153 0.0250612851251446 0.016490360453192222
19.46688466806255 12.709474247992654 -0.02924776043797041 0.0066759650510688565
2.176221244901564 6.548755007415011 -0.02785087945763759 -0.011150269657552702
11.666515540969936 14.737932056217577 0.029742912390596402 -0.003919076743993022
17.562375721857475 2.302111979941006 -0.021148620967988464 -0.021277589881195626
7.541270383196281 9.758073209310192 0.0163715406021077 -0.02513906637712584
6.4480224143701665 10.958156990827732 0.021512321458892238 0.020909806920420965
5.447126717026112 2.5345281849235723 0.014097415932786649 -0.026481368242936638
5.383031961500264 11.896807425774318 -0.017537431688948578 -0.024340059362200867
19.551516978561388 15.521263442832192 -0.006604337022264232 0.029264017709404667
17.29494543546297 14.843838652246431 -0.007880405642680695 -0.028946488680093932
3.532799492559562 5.807629385065587 -0.013523460265549276 0.026779022059181135
4.5354992703799235 3.898352640910301 -0.029612178243279243 0.004808211693369932
17.51413195372904 18.611845553562365 -0.027324406456600548 0.012384539224149047
16.511089567407087 9.637487768684455 0.019930388126883854 0.02242274802765636
13.586634381218087 8.118675203069778 0.004822343424869315 0.02960988017356064
13.700020017388269 3.867590271820036 0.024576304477706357 -0.017204803347294337
2.292204364360606 12.651352413346949 0.01266322737181459 0.027196372414896176
6.5324184677071955 5.26912701948318 -0.011425306830080589 -0.027739184628220667
5.2562280092443014 6.202699161133827 0.0122324974078729 -0.027392809406236205
11.15066334447037 3.4697949902341296 -0.00795726595609786 -0.02892545450816505
11.398071587518315 1.6213072760475078 0.0011277231236165443 -0.02997879651614555
19.186027363385143 18.21489194874784 -0.0024123251056108364 -0.02990285417121315
2.853361316447296 2.5877398325259304 -0.018270743782116124 0.02379453554176389
16.025584023866145 16.961791983860277 -0.004945765055856049 -0.029589515170280727
7.404978203790575 18.192407875476647 -0.012348129939346263 -0.02734087941162501
3.1842424077395837 14.519649299972624 -0.015791227691920023 -0.0255075896152878
15.765182335191085 12.648171069335222 0.02161758989311383 -0.02080095688215191
2.8596266242592128 1.8369605301660608 -0.0039031647318335102 0.029745004707953417
11.842616163990572 16.581316057040937 0.00790302810433767 -0.028940320433299437
4.989403206046199 5.696683275904655 -0.026206338319848504 -0.01460232282431942
12.965903622535123 19.52639492603862 0.025805703671200466 -0.015299204490240357
3.546152993205449 18.336989444333533 0.029503261579794757 0.005436686137180106
14.158443905103331 15.723020925987665 0.0037801409812648562 0.029760889337547728
14.725971003592534 15.73869401581778 -0.02003999947810923 -0.022324838653781615
8.642561502120499 8.033136625619486 7.735527417745419E-4 -0.02999002527767679
6.383232915219505 18.808773254121977 0.012175816110327312 -0.02741805066096957
16.908735867289572 14.660012471775655 -0.0127191544779185 0.027170261488746218
7.7423691864706505 14.681399710543708 0.017817338822481762 0.0241359159197426
13.467921030295397 8.187339828656723 0.019269102568056775 -0.022993514003338152
9.222642488428798 1.0293756529108267 0.016572743820642666 -0.02500688229778655
6.800322342044563 0.03780549554253998 0.012567190573508311 0.02724088326558307
13.225766604861667 8.24305496645125 0.029885142871515027 -0.0026226390428601754
0.44813617368910874 0.482462658046261 -0.024750392435438435 0.016953408928348065
2.9783758510259317 9.641514487639256 0.029971642585471234 0.001304086166158964
6.53603543627955 15.459605489302744 0.02717841863584669 0.012701714862752242
3.9487707673567507 4.020230535976723 -0.023398446508526658 -0.01877532159478544
15.542310828670974 18.266748877246396 0.025044520043006103 -0.016515811085607197
12.864668185691404 6.736561410361174 -0.020915689258789057 -0.02150660230789085
4.623882118501374 4.191219457997947 -0.021543996046906683 -0.02087717017056836
5.77780462676418 2.5522350096399204 0.027153053114135284 0.01275584989645724
11.395636039545087 7.800817861989156 -0.018685630120106447 -0.02347013478901582
7.7218082223514095 16.391567174185887 -0.012478967004534974 -0.027281410933082756
19.392022639424773 10.320569905824325 -0.029797396665437504 0.0034806826862806444
11.99869496286194 6.273586485871259 0.025153934641069284 0.01634868716664475
17.547305956235448 13.60672326752265 -0.022459140818883554 -0.019889368860714473
2.651293601614657 18.611365686005964 0.020447407468603223 0.021952301196296233
9.408639570272888 8.964476614738716 0.01913098002511537 0.023108561255055164
15.81580895798487 0.9559750114714727 -0.01446374840481092 -0.026283074060739726
2.368953720700926 5.64838834100274 0.002245202787353955 -0.02991586643310967
6.920172718576582 5.6463405768376 -0.004170965874436996 0.029708635843375273
15.33783434711266 13.478623521524597 -0.017293418965100612 0.024514029870616915
4.556832956962693 2.698186372475806 -0.020587401902013806 0.02182106511893859
10.758873550434343 15.684116127906314 -0.026661332755627137 0.013754029798343592
7.707688362764973 18.050963176279794 -0.005128897565745017 0.029558322174306425
7.969703188493417 16.864936622824207 0.02960337135577825 -0.00486213989637152
11.166086586996666 18.85449206318015 -0.026595311521620316 0.013881260932205312
17.261829744933046 2.80765960950631 0.022127131652201443 0.020258085912695328
10.755628261684123 9.117743195535283 0.024300476499810895 0.017592238114638465
3.744790515703651 5.683863865359331 0.023574053783097838 -0.018554352271949848
12.4950336679113 3.4990376452247807 0.024517831814764576 0.01728802831739114
16.803784660004432 2.745109356694453 0.004567027708501768 0.029650333183790314
1.34706482630351 4.465774027698409 0.017372427268070853 -0.02445810235516215
12.550132965256036 17.767332294069526 0.004878606615386361 0.029600662112397223
19.699442015000532 17.10579653403697 -0.029881097027231133 -0.002668340392303577
4.625403192979927 11.900636647479718 -0.025584368627058828 0.015666527437654076
3.2764449940227713 8.58257445634991 -0.028250981074605035 0.01009366476173585
2.8961554127937728 19.891440472468005 0.02573000600109432 0.015426172279073327
3.7284194764557888 6.080683317422199 0.0248399556990825 0.016821908359862702
13.26773543725907 15.444923833770366 -0.016642245213419577 0.02496068256791895
19.58727851870831 2.012460208437632 0.02954809330514148 -0.005187502484881638
6.790694773233296 18.306225655174707 0.02978159758754105 0.0036133703288991716
18.441339283136756 0.6144614783373648 0.0062395223398402115 0.029343966346944902
17.60799451139944 8.915878738267047 -0.018319990127946852 -0.023756640370892722
16.841949400782088 11.654222492988428 -0.02955889737444608 -0.005125581528662354
0.7084765469846954 3.6331292566354967 0.007604960675052129 0.029020071900857012
5.3144422645290845 9.032091945533749 -0.019374642770165307 0.02290465493144311
8.962890068643334 4.852023234912961 0.02975828029620702 0.003800625450156465
4.551458264443518 2.2754079883943756 -0.011593995505304714 -0.02766910313369362
10.011380130831318 12.129052643059094 0.014041525182121511 -0.02651104619889316
6.9996959074027725 3.396227823791378 0.022529738601384047 0.019809363406058905
16.17150375175252 19.90472231881112 0.02957476269595305 -0.005033230719732986
3.131185327293764 9.87003038132918 0.004257639226491824 -0.029696338296447224
12.006881078681989 17.67919735043131 0.029945391227053014 0.0018092938563805587
2.174255601433659 4.579565333960174 0.0040730518172566385 -0.029722218101850044
15.339224121119138 3.6762000634774505 0.003053692354683916 -0.029844178042005863
7.3620438718850085 16.88107814826902 0.026291767254537933 0.014447940151911162
17.53907071961596 13.119144100223775 -0.012174400707541246 0.027418679169723313
1.169675803871455 5.352809471617848 0.027215699594238713 0.012621636011078545
0.5687929671480507 18.206072596728184 0.028639842815130337 -0.00893081203052819
17.824674309151504 15.578712931813909 0.02974999883205934 0.0038649151986127257
12.588700920274556 15.59992152818614 0.02804301338255519 -0.010657832820317192
10.795773326612295 17.24203841464754 -0.018759997610684555 -0.023410734496104767
5.5240404999350945 6.57991202512255 0.012868176241996163 0.027100000741788283
10.13761140448021 19.029582366902844 0.004925458208936709 -0.02959290221374068
19.815719048628562 18.698088755752206 -0.027668251781027144 0.011596027051610749
7.574858494099301 10.991279798496718 -0.0012891021147987194 0.02997229079896332
10.066428724247098 0.559128371860631 0.02379722233612454 -0.01826724415682495
1.0686438064859094 19.11219847042542 -0.028899180578776027 -0.008052165042725748
15.309802278902335 13.836140090771954 -0.012583663839654041 0.02723327751796657
11.27779438934471 1.4231479115582402 -0.019369723029586457 -0.02290881554679569
17.474034758190257 10.432245290415521 0.02554468003464934 0.015731157679185197
11.701850642418032 17.927880073396945 0.005107856612916779 -0.02956196544247155
8.021420609016447 15.316819151249321 -0.0183490085390972 -0.02373423446484293
5.204163445235781 5.322416058644732 0.018970374068365815 -0.02324058750776911
5.8971643396090805 15.463426330146737 -0.014651081158690616 0.026179110391330352
0.8311033331193274 12.726266537207124 0.029721623497437538 0.00407738846279928
18.427996959641384 6.888215483448441 -0.024120599630340904 0.01783806809810968
6.074567919751037 15.67444111011445 -0.00954268343397781 -0.028441821194833593
2.724284486944022 10.364880370582545 0.021560324636519926 0.020860306842610726
6.6140808722627 15.10895764051335 0.02618620754062529 -0.014638392488224216
18.94675800330401 3.2447917107588475 -0.027552057519388592 0.011869461927497073
4.703898639084589 7.1723687220422905 0.005894365186045073 0.029415241951300346
2.4265299008624974 2.145573270758827 0.005030090376402156 -0.029575296969011594
11.259141393273818 12.794362936599281 0.019507558194219423 -0.02279155925554771
1.4379083510927648 7.232777243940824 -0.006883907632018215 -0.029199517388372044
18.80017019580319 16.364104470881767 0.02815100007598553 -0.010369242726538063
7.218536397037387 12.489434021991858 0.026741159715954595 0.013598175504302304
12.130672143024881 16.62136766559576 -0.028932306619639164 0.00793231578211455
16.84878181290512 2.766638784715363 -0.024979724487282445 -0.01661364994633815
1.2843111815468111 5.142041336785017 -0.028833304537468178 -0.008284959230413681
15.517911618733823 3.4920422525476003 -0.014584103689159213 0.026216481830784472
3.146814722895317 16.73896142942041 -0.029977461893178677 0.001162660071998765
8.631665387890898 14.576625979278974 0.01433098263094556 0.026355700272076562
11.452074484270893 18.485585642778897 0.001703779522815713 -0.029951579847107127
15.705169248644975 9.135553649695167 -0.01811727788982424 -0.023911592206770457
2.7067508245548755 0.07350735184614487 -0.028786199948855857 -0.008447170680440342
15.025013009539448 8.895665506098515 0.017522288086946662 -0.024350963434698985
2.100017540358634 6.448545716413694 -0.02987308291679183 0.0027566133291559406
2.0804905075681646 1.307407826266549 0.008364553373195032 -0.02881031493869811
8.623012732045197 16.184849179431936 -0.029667730316361846 -0.004452614723465756
5.619805011709946 4.05716632943506 -0.0034201252999600668 -0.02980440811243486
3.4132819930363145 16.34047803525669 -0.02999964212969412 -1.4653358073029273E-4
16.183204302572037 7.469138966719342 -0.028166405093596986 0.01032732415020433
16.647562120160913 0.5170064346255621 -0.023134724469005146 -0.01909933307063926
4.839837485606244 6.713567351694943 0.015584814327522898 -0.02563422638537463
13.963681536798804 13.883116699091552 0.018210923986393703 0.023840349149326447
9.784417022991992 7.25739738169554 -0.012194611636268912 0.027409696223062645
7.168665218155157 12.818711651813928 0.024614453368477215 -0.017150180330569722
19.046752998016796 7.9987542356496615 -0.009533272666022352 -0.028444976925201943
0.5923938696228292 1.8300544687426212 -0.029451948758999633 -0.005708127039341359
5.882738618095229 7.350064548213268 -0.013357965471272203 0.0268619574578678
4.518867922302499 4.153602920557327 0.023532087545925996 -0.018607548353581527
4.937666333307334 4.445744077855991 -0.02923136771857621 -0.006747380328792841
2.2523231927081233 11.119852620587107 -0.021150829970768878 0.02127539403977339
0.9276004460367471 7.856130348870356 0.005335763987718021 -0.02952168055289826
5.072669541074191 8.43939184131571 -0.02963096639029082 0.004691037281610113
14.735257262650022 10.834320958053926 0.025501471202908164 -0.0158011064956618
8.060997996801479 3.0898141454108097 -0.029735882609627833 -0.003972063119643615
5.264179278860672 9.288780868362455 -0.02829950857486792 0.009956797397807037
13.925750428087646 3.8498778291590274 -0.014078321362739404 -0.02649152444853703
8.377240643211515 6.3815842845290245 -0.02303685559097882 -0.01921726527059425
16.86562730355426 1.6096632147341428 -0.02289234403887351 0.019389187306482255
19.4384793605724 6.856923623641822 -0.026023255522879464 0.014926157308260002
5.4359182937137085 5.683196994211865 -0.028597192449867456 -0.009066453771196525
14.494157671576374 1.8016599055357863 -0.02405878905137103 0.017921346751336224
4.5477447086677625 11.201423350097619 0.0023754667907163523 0.02990580474633986
11.520650444371032 18.36116582004854 -0.018541646485721784 -0.023584048541302676
10.26920035045882 15.444230036002137 0.02521235867239172 -0.016258443042760085
10.421454005017258 12.749094935845903 -0.011523457437536432 0.027698554631700303
6.095629325454482 11.293799576988867 0.027188164576643543 0.012680840151714917
14.999158420869014 13.406033019620327 -0.024352624638134375 0.017519979258952635
10.832791887302287 0.9086305330480626 -0.022789927072144372 0.019509464986163537
16.823854397963704 15.023745726003508 -0.0020348745750356427 0.029930908530545367
2.1484871152033103 7.716424405224145 0.002287736948423938 0.029912643809179018
8.067949073400971 14.941003858131516 0.028717552170504715 -0.008677683869232606
18.08986386708667 18.830456595672814 -0.0185164885553495 0.02360380587065592
4.717063583590484 18.653251730174173 0.020588538227119473 -0.02181999298053141
4.267154152412182 10.371333152606299 -0.029999681031446453 -1.3834020193664707E-4
3.2732785011934773 9.318714034112574 -0.01702571607218408 0.024700708334567504
5.739499916276742 15.724922497318733 -0.0017339242010089412 -0.029949849863816602
11.753858998933438 11.582458457961222 0.018521873556716174 -0.02359958050366612
19.611860605749918 10.72608568995338 0.009401498775389863 0.028488801673224914
11.506423750070041 8.109467299529165 -0.026549456670670477 0.01396876338450154
12.608321331403552 12.80232694510163 -0.02041231445536389 0.02198493617401111
0.5986750229748594 9.18744658506549 -0.02959003716759025 -0.004942641036999096
4.0083813483662345 14.354971945112583 -0.0275772061632172 -0.011810914453649015
6.222998718736983 13.836967706792853 0.029982808081529 0.0010154898060538411
10.838643023389952 18.648731887724406 0.012327488068119211 -0.027350192648871386
5.046802922118562 3.1950963476527816 -0.028628884085292912 -0.008965879545859527
2.559676176329184 2.2117715687801542 0.01129039216807572 -0.02779437073745427
2.5391555881562877 12.60097438777412 -0.028503356039308505 -0.00935728029378276
16.071275017039774 17.643510256059784 0.02809916609222681 -0.010508894562295838
