0
9.910201090480939 8.0708352242483 -0.022203050057837154 -0.02017484989111883
18.685485468997058 9.607991883296442 -0.015594036884006107 0.025628617084428436
6.713725163543844 12.379907963356004 0.01955996106026974 0.022746602456646826
9.66211950363485 6.143179156995428 -0.024602550543644675 0.0171672509956431
7.255713381077069 3.0658273942252157 0.002356893732010643 0.02990727423112994
1.1039185273638252 6.548156717692743 0.01161301646094219 0.0276611252243629
17.337268503711712 12.7064258677584 -0.022007323588712956 0.020388175702148497
11.42517094698234 10.48247348663972 0.029265076515085253 0.006599643669638952
19.902808301085255 10.687777453555265 -0.026880037373097236 -0.013321546112253477
16.4895301481111 6.063453897961151 -4.395977791638705E-4 0.029996779056968
12.259935543025861 17.942832073710964 0.0020025892207192445 -0.029933085982121174
15.319977066474761 0.4042139021756941 0.025671704009295165 -0.015523002714009242
18.85072198898721 8.085459381439948 0.004508944464935313 -0.029659221497067807
16.121859664010696 11.35854531880299 -0.006746310879299651 -0.029231614555474746
8.870683532939045 19.523313930491536 0.012845089584455013 0.027110951174153318
0.3477819851062769 17.675896752963293 0.02554259780882644 0.015734538352825445
15.014839134137217 13.117136436436663 0.020477080258043737 -0.02192462506191692
8.182615328472725 0.6614789402611687 0.002932868630278702 0.02985629383559733
8.365056041917242 18.24276745861489 0.010115253102768907 -0.02824325857026636
9.71443443213899 15.697229572204298 0.01792808831853229 0.02405376580169737
14.001442748827888 10.318509364931215 -0.010949203214497924 0.027930537928361285
8.608523241870321 11.315976655360135 -2.349465207891675E-4 0.02999907998809912
7.3423820926239225 2.035364853136019 0.02675368380509178 -0.0135735184405949
4.180037860123058 17.57825005429985 -0.005414735556276363 0.029507298060913616
8.44993225676573 14.159349413309561 -0.027528676208101007 0.011923589485953187
1.667248766429732 15.860735039372365 0.029866272789477025 -0.0028294433488840623
12.47427879182373 8.789298048044305 0.026065150691617578 0.014852875796399422
15.979762471238121 16.346980024484637 -0.022903013526358377 0.019376583068524883
11.8847636368802 15.713692589721193 -0.00718811532367983 -0.02912612226324471
11.410564692232592 5.971604213367357 -0.010233121800026305 0.028200766270188943
8.915240651289583 11.816730728968277 0.026903925762697383 -0.013273235421526586
17.37037481880871 12.70348698781273 0.02904703305696388 0.00750132458887412
14.445154664128811 13.57550872847238 0.029767178235287524 0.003730294882261266
10.178470730024891 17.19327295444304 -0.010481071726434293 0.028109555945716035
17.989371704802075 6.242495911127232 -0.005471677217959818 0.02949679217173385
3.8140861947745863 1.2255025977371514 0.01135567968172097 -0.027767760784156676
19.161378418172276 1.433780212689324 0.02223980607283033 0.020134324568827713
2.222505617860888 6.312879462182092 -4.8571289655421264E-5 -0.02999996068047125
16.42559709791978 2.094627858527116 -0.004823090917550628 -0.029609758425239482
14.643346581956251 3.294027630152201 -0.01469006691692441 -0.02615725394563204
17.622253789615808 13.177966471735825 -0.02921770533637331 -0.006806298177193134
19.28601627057418 14.028747208328554 -0.026871369580824356 0.013339021585211835
18.02697667938779 4.27433792474223 0.006498401734150868 -0.029287723962465654
13.75724366125912 4.24564542952737 0.029583208972341856 0.004983346957492755
5.929210350203649 11.736852845938277 -0.010159442862150396 -0.028227393091298767
10.623686285868265 8.243223889209304 0.02999904077217175 2.3990154142247832E-4
19.14802024874795 0.8525767605959556 -5.835619542699141E-4 0.02999432372042298
9.482195191648053 3.3715318646590053 -0.014734005531263663 0.026132529173516515
5.758102563490053 10.06082663362119 0.01356369878779112 -0.02675866355396087
2.4621528204351306 7.859384330471966 0.028998312180067782 -0.007687515249242268
1.7171892032185632 9.284859232793213 -0.015224285336175302 -0.025849973617060377
6.18666203188857 8.371439064455508 4.0942185080491034E-4 0.02999720609903668
1.1507176756324955 11.739631585806656 -0.029543462205821644 -0.005213812510360145
1.298078119637669 13.387139896857365 0.02986060266407218 -0.0028886689907993246
11.78004449682996 5.155560945879312 0.020908835056249117 0.02151326606051642
10.571626855253438 0.7342142868476431 0.023857530455046856 -0.018188409512283135
9.333705657405993 14.704711516939547 -0.008182031307093676 0.02886268115906315
1.6995641949330786 18.965078132017567 -0.019752717839718215 0.02257941845895234
7.651794388342108 19.957415132921458 0.007004071431362455 -0.029170927023054516
2.7656285013960247 5.254689736029226 0.029189648821134343 0.006925633667676216
13.41344783750815 14.297265111956197 0.011420745168724874 0.027741063061660912
12.421337884831319 10.580135504713148 0.019679656902334183 -0.02264312487724277
19.756254661520174 3.1814890913980465 0.014297173902744337 0.026374055782050022
6.435167421771544 15.510061270131763 -0.02187614447478509 -0.020528865115206192
16.22114684964619 11.690165678236465 0.01918621537501484 0.023062721859822707
14.66366287975502 7.317989526564032 0.029895303686630126 0.002504160035652491
4.091543490499692 19.63743114854899 -0.01858365615596296 0.023550960147665743
13.078323773900447 17.607166713352203 0.0038439961920219167 -0.02975270900734454
7.8832202401356355 0.23394883325800198 0.01469639751090206 -0.02615369763917813
13.19946596753066 16.402839364514673 0.004144481272267095 -0.029712342132249138
3.001088884129235 15.443325956624111 -0.02539668457667816 -0.015968982826489536
13.501473094714964 16.87533200790876 0.029999965140352802 4.573376888520069E-5
14.867848579732847 5.7540786284860985 0.026016989682999064 0.014937076281345028
14.863694976256287 8.586019841796354 0.008903915344801467 0.02864821620158241
10.541828216092313 15.519015158188838 -0.021606335669188327 0.020812646610903675
4.186002814912582 6.417763926870794 -8.828770813967273E-4 0.029987005986912802
15.309309704560993 17.158747661359826 0.02256267327941637 -0.019771842971415446
9.543457443097836 18.118680583843002 0.029768093614130364 0.0037229830217677816
15.22973911345362 11.686278318507025 -0.025778588761547983 0.015344848043007526
7.833972060235519 2.5477212503013313 -0.01356025720347347 0.026760407780443963
4.337525564410257 0.9235019344831152 0.015344695982186341 -0.025778679275988408
16.327024603372987 11.094540052786499 -0.0028387065636517506 -0.029865393770139387
0.3061477459684214 3.6238040383474535 0.011068334929083944 -0.027883542850534977
15.838690995859132 10.124002452858537 0.016306245427180253 0.02518146858442857
13.941008802636489 7.100996153484742 -0.017623825560448208 -0.024277577568919274
11.864309376881355 7.374506736867952 -0.02990608510437338 -0.0023719345964795468
0.9065195606528387 4.9443975411225 0.02275438521216958 0.01955090672107558
5.758210697536692 10.663549607430651 -0.006893319008259496 -0.02919729701616861
14.56719832824637 5.4612322645614935 -0.002958097599475068 -0.029853804759058432
19.260964065736335 4.605742945051004 0.026555256124684422 -0.013957735208564833
8.62672861096078 3.5564227152682637 -0.02541648616584515 0.01593744744246713
9.076773954782666 7.847258392217526 0.013165620090677725 0.026956751429427526
10.214938983480238 18.19965818516771 -0.02344297099501447 0.018719698473183537
3.972769628089785 18.023518581382753 -0.018792830527296526 0.023384386260330025
16.970085200361655 9.240987590292924 -0.029953895083101638 0.0016625791260987692
3.621277815099899 18.648368227227184 -0.009797298046917317 -0.0283551221295178
5.199647775791876 0.35753557305385764 -3.381343594577223E-5 0.02999998094418644
18.186528093019984 16.77500078716706 0.023530284281063633 0.018609828630385874
16.021677298138588 12.020929720969377 -0.028645319578504354 -0.008913229843628797
0.9568542069624564 3.8010816801951153 0.02415496278457554 0.01779150844857655
9.072492997626068 0.6810149770971408 0.0013520922452871368 -0.029969515287375507
17.068190448944595 6.4298896450558924 0.023265241976916252 -0.018940129771348818
11.434865482106847 12.417181151991311 -0.006884248546902501 0.029199437014169823
11.917689073431015 8.69034208052609 -0.020863860260792226 -0.02155688602322086
16.350685152206793 14.102393950898373 -0.0120818985900548 0.027459565299902903
19.02848814587124 18.143597458186232 0.028135142811792035 0.010412191842261987
1.4280470313629112 9.082622231441267 -0.029785373538673388 0.0035821115507051154
3.1362491038233853 14.981990809629842 0.009908963351797435 0.028316292929914666
9.7667742113415 12.359057229268636 -0.027816086172811408 -0.01123678557358509
17.80087527967981 17.614456799727442 -0.02367957229687954 -0.018419496622786812
15.978099352229385 0.5730710257507576 0.026140210292759973 0.014720373835276248
4.016094756053123 4.4257928500003985 -0.02884865790942666 0.008231338701868294
9.670610025631134 11.472637670819816 -0.013592729248269549 -0.026743928499441467
16.646099878050787 1.5272129902874343 0.019152099673331032 -0.023091060566868583
4.760178488543991 16.159581686003122 0.02136671332889245 -0.021058574536775503
7.050509581377467 9.252109451359871 -0.025943913811636105 -0.015063642857370102
8.018419339723092 3.8929580842335043 -0.010684641346133845 0.028032810050091075
4.392282180511177 5.600845069294865 -0.008176489734391567 -0.028864251516770523
14.621836303346702 15.605759004856164 -0.026506707447240367 0.014049713886994709
4.721197966835069 8.446275639456875 -0.013135866966238991 -0.026971262466656456
3.0592328733838237 9.068353044200228 -0.009295086525390026 -0.028523698331133582
9.28887840902746 6.659537071500489 0.01798361074180366 0.024012283204378627
3.492707671105788 9.728324472021923 -0.027263957165048303 -0.012517053954601743
3.4183290811586797 5.92302354690847 -0.029896216368846172 -0.0024932402265192897
10.379664677617422 19.036001629567917 0.02988295807948614 -0.0026474169334794596
9.797465595620025 1.321408170655738 -0.006405855448218151 0.029308104953690434
15.619286124288873 12.328706285296384 -0.007118434874944487 0.029143230516385343
8.905251928811428 15.236564390571699 -0.02992812695127211 0.0020753836244270713
7.393839822649609 15.332924892775424 -0.02150645187515712 0.020915843940456973
11.461798817989248 5.950380975280005 0.0022974414764165407 -0.029911900017592346
12.877601731137604 19.727945479515384 0.014441013868926525 -0.026295572221145362
8.808220445767926 15.95023901318303 -0.006093164049831044 -0.02937470598766644
11.66604757238339 10.110341426171093 0.029740492352253345 -0.003937399477518158
15.894128085913135 6.44236069923932 -0.013744190305958925 0.026666406447693407
18.654887580973 6.656759685194194 -0.00712493438615211 0.029141642197944632
5.443509902526826 19.152916796323737 -0.027709323568982515 0.011497538316936801
18.629466441983368 17.791102911168288 -0.02568259591765577 0.015504975554008822
11.68429576845913 12.217669975190553 0.003283693669109933 0.02981974775023168
4.404603901797608 6.647117966761549 -0.016512108723692454 -0.02504696120284773
17.00133508937203 3.8476029880828477 -7.454062443491131E-4 0.029990738062456637
11.315104558648581 13.941962133390657 0.015396400533172224 0.02574783195964534
7.682660596359961 16.467470792607383 0.02876016034169156 0.008535407261530752
14.46747437981289 11.341223560589007 0.003779252377067115 0.02976100219196982
6.688006978884625 2.0510035819806105 0.021458459520913086 0.020965078463705652
3.6308663299302246 5.239456832871192 -0.016778417693781723 -0.02486935261909711
6.627435055116935 14.252684370378404 -0.01742597458361432 -0.024419979725856196
2.1144630885976556 16.278332028006602 0.016179819056029474 -0.02526288691567425
17.884801798238726 18.431076356344402 -0.02996440760396995 -0.001460916473706741
9.531448213320672 18.490225125082947 -0.029792074155659643 -0.0035259491635128088
1.4815412555407992 1.4796967832485075 -0.004910269906493698 0.029595426157522756
19.005910581279295 0.7393554245801304 0.027988707123477483 -0.01079964228834459
8.714046817498076 10.172865641326336 -0.0031191753192370787 -0.02983740513730814
3.0955409500560283 17.62360088400339 -0.005146354882144024 0.029555287706720643
8.113635899398972 11.077931031079123 0.011945142235438347 -0.02751933096888707
1.374319581379484 16.12374479014836 0.01362414746494844 -0.02672793680502367
11.60995424624514 4.501224507832862 -0.0038820849961913356 0.02974776321141383
9.077597115016747 15.40636446208377 0.011431588688705778 -0.02773659640352893
6.102473210358184 17.880134140848803 0.022357443638362094 -0.020003617521774958
9.226571878056804 11.10266454343698 -0.029889516026185923 0.0025723202989470094
12.573769754303372 14.902280769741814 -0.028962094248233757 0.007822857326861136
19.927210647233736 1.3365597390246742 -0.027444489234152332 0.012116105425279888
4.463316338441863 0.7570146329176186 -0.0034239774652130017 -0.029803965815268837
19.72462676594838 2.4370152417555335 -0.021193730403112614 -0.0212326586088549
10.7498315839875 12.573805275923437 0.027464919651546356 0.012069721974184112
13.569929194254245 18.755317244441297 0.007956127068411376 0.028925767787066462
0.9896316425567253 9.483654874058763 -0.0288524578942634 0.008218009093433606
12.642048332679742 7.868378850697031 0.01641392273060291 0.025111414547846506
1.7911722201888103 16.997915551767612 0.0265019466526056 0.01405869210212838
6.419099403956354 12.672653929533775 -0.013939373012637339 0.026564899397787257
2.672836510628722 4.615885273843516 0.017680845839036292 -0.024236082406532477
14.406976867907368 11.885502930776287 -0.010550989386661208 0.028083386956750115
8.19031477893024 8.767825031494878 0.01970648031752379 0.022619784116897478
18.139141650251503 15.135256049991089 0.01659705882322701 -0.024990751057508104
0.3073982348295079 1.3306103113991807 -0.004409055026269489 -0.029674235184336727
7.730442753919027 16.438465562334063 0.02286161046679352 -0.019425415487566714
16.332960897945238 18.913633862959053 -0.003399670986193636 0.02980674818200793
8.60640805611558 17.171274685158625 0.02282393268128769 -0.019469671208319043
2.9081176957338184 12.734839838097088 -0.021949380936985854 -0.02045054220511236
6.182214630971517 16.817198516912953 0.00887606270702133 -0.028656858006784785
13.489287386558955 11.960442923259972 0.0021278256423818524 -0.02992444415583391
13.314583995391306 15.42920316128819 -0.00427029955967119 -0.029694520398057818
16.960956958446523 14.573972129756879 -0.02976774443131477 0.0037257739426766567
17.31463717755843 17.930570983029035 0.029006632819645384 -0.007656059852578949
8.289607834001757 14.815337692674646 -0.025662117243252625 0.015538846115254388
11.147353444399943 17.584929882957187 -0.029769476842281557 -0.003711906321132303
1.7983084856567655 1.5706494797119097 0.003927611572298204 0.029741786552545044
14.048205919224113 8.116772120539066 0.029375733206784476 0.0060882097995896885
5.43818268491739 10.31809528303664 0.014213789328129016 -0.02641908766281617
7.991845466044416 3.423098906836284 -0.029978324500980716 -0.001140201786483175
5.534125724892993 15.801290745751785 0.025197421971369018 -0.016281582416852788
2.0209095284476764 16.385263843544866 0.016920124615176585 0.02477315851898775
9.500989485216998 12.903718751153662 0.02948465958949692 -0.005536682119418393
11.092148071740016 8.205930339278018 -0.023521974883759005 -0.01862033022177132
6.013875794730756 19.568189248844913 -0.01881876377207464 -0.02336352135468562
10.466640824257603 14.635101046636139 -0.008281937538498685 -0.02883417261875926
13.56030540545801 14.313215567324526 0.011976791254774032 -0.027505571639934487
2.3429682781897343 1.5247003913617085 0.02818395919106331 -0.010279321199207561
8.12879941258078 19.150839232903618 -0.016892569747532143 -0.024791956101218832
5.926268906157266 8.913949298365246 -0.0025591214433239797 -0.02989064899660627
6.3609769602711825 9.652289862001325 -0.01292210889963889 -0.02707432550564969
13.899289249292615 18.28609350113922 -0.004019598757154593 -0.029729494207461404
2.6134946187933084 1.6209435745445333 -0.003572283244878746 0.029786553886248048
11.708244078113868 13.176665060800595 0.020279493672249564 0.022107513121045294
6.280286863342512 8.335923492918386 -0.02306028264199764 -0.01918914704907913
6.5286618570520005 18.817686070316256 0.012363289413542058 0.02733402778364357
12.090379854201988 4.581326499239653 0.029728040834741044 0.0040303335008369965
11.503883077460593 15.27183181412261 0.022162457807158673 -0.020219432829481434
2.035358498778379 0.5700786267509828 0.01620516391528231 0.02524663665676741
10.058544967378534 12.283841966713618 0.007887588574285212 -0.028944532238106824
17.644110526713717 18.23976675649152 0.023624403624572937 -0.01849020155063933
2.9257701177925677 8.02917303097249 0.029865608489678962 -0.0028364466399380664
8.499067531574696 8.010063059259952 0.015552607279123587 -0.025653779581600682
6.071898012855477 11.685338420042967 0.0245025408873065 0.017309693528941322
13.603566656660309 0.6545444610047602 0.02650168291777082 0.014059189255641103
5.975984350350069 8.340304359776612 -0.029632418829985307 0.0046818537230815084
11.327468749233153 17.098350723493972 -0.011272434444337296 -0.027801658614156784
15.679997874273578 19.673066292386643 -0.029791759447941164 -0.0035286072317570827
19.478552518856 10.289266069846912 -0.007924719205043304 -0.028934388286625617
2.5641554532305255 4.0198047905995775 0.026237077713792235 -0.014547018699390839
16.30876481902075 15.322958495899588 -0.02478841314344235 -0.01689776830915889
19.752251612090145 12.238184182102392 -0.017015856218106414 0.02470750163745273
6.142883992114275 5.190334288219742 -0.018927470849558155 -0.023275541824823887
6.183613256709681 12.00313303935997 -0.02137861829638586 0.021046488536984872
18.425892924900744 4.250742495025904 0.008219598811860499 0.028852005049425273
5.408531768046776 12.048134135334703 0.029953066094596914 -0.001677447922502742
8.375068895067017 5.151189168939263 -0.02880570333830791 -0.008380420943210214
15.717203151323462 2.0824348681091 -0.01653320567436236 0.025033040369264622
1.5818121990839917 8.678266784688088 0.00890876764392976 -0.02864670764793871
0.8803749120275084 4.779962198019363 0.024489633366989224 -0.017327950183170772
17.762319169218973 2.1532404810625883 -0.020526350719121286 0.02187850374581473
14.082588453524876 17.9008188995897 -0.026918276492212578 -0.013244107772469827
12.768632766728789 18.606178682161985 0.014009566788743641 -0.026527948250698378
11.023132564169993 10.259412655893097 0.007303126485472195 0.02909749720400699
18.743161829517593 15.17419099351777 -0.009340530876401538 -0.028508849204185522
11.040178495392379 11.32022357752852 0.017138477935845355 -0.02462260290957359
4.168738624959913 9.981301606522896 -0.02996254964965027 -0.0014985387856984043
17.811970256894114 15.546299356029014 0.012658298595600699 0.02719866681778012
6.208447974088829 18.130228167063997 -0.027782491754903448 0.011319591507149092
19.975068379228276 17.54750620217226 0.014932260060210669 -0.026019754216637735
3.258095686867186 11.263944675868874 -0.026869826973538038 0.013342128706174575
4.08037756426838 9.3136887618587 0.019344375866596368 -0.022930222901922346
5.6000955301605 4.269346515107331 0.024276662977499433 -0.0176250853806984
0.8276842251665828 16.547939283906956 0.027966388403454594 0.010857307201471288
14.438968864809032 15.86620125279294 0.02873451919568605 -0.008621334385856395
14.560638127569007 5.950462728931152 0.028128334681769986 0.010430569880420517
5.841420354893709 6.758841169776833 -0.02922292620757282 -0.006783847276196129
15.58608845570218 11.29481427374062 0.0015745417966000499 -0.02995865180762912
16.061295661001836 5.370296147411455 0.027557057089394547 0.011857849913531953
5.9614893100726345 13.773851287775852 -0.0039513016244658306 -0.029738648514559193
11.70245561728409 13.510796299109609 -0.012744591560557869 0.027158339160459666
8.866197843952715 5.298393017041829 0.027094941021460695 -0.012878826462204021
13.899011159575972 5.174320566752746 0.019627154860475157 0.02268864896997894
17.368981783502196 4.570570361782629 -0.01900346614579101 0.02321353644849864
5.348183078738797 14.465174897806355 0.015574020856662117 0.025640785369334018
4.09443743538538 0.6269713129601295 -0.02039126419646341 0.022004461921847338
6.229627392100488 2.8259731949878164 -0.012091735363023104 0.02745523512757843
13.682330679163115 1.39221984036221 -0.029712181299370078 0.004145634141282009
16.83712819142611 1.6008907731512334 -0.006039589191374278 -0.02938576802466519
15.670637758934072 3.277361913149439 -0.00730957956112186 -0.029095876797918113
6.622419542314731 19.793213345494035 0.00935315184115907 0.028504711025306374
18.097334908895796 18.112630725687854 -0.014732053602717662 -0.026133629611032858
0.23231338177529315 5.8710369855009485 -0.02873063892238777 0.008634256604443544
19.227261601388424 15.271618476056126 -0.02346726942270982 -0.01868922860478593
18.3726012706951 19.7839999288999 0.006341636091783092 -0.029322067656960927
14.825711993137165 17.711889320506295 -0.0030619845193575277 -0.029843328413620602
15.75608084448649 1.0592116836613519 0.027367043402204364 0.012290033987823731
15.714340890281168 12.251371184089903 0.01825241513977732 0.023808598059634416
19.225890516226134 0.9655910791982469 0.029604891009490417 -0.00485287835373949
10.289493650856636 6.583785398801584 -0.02980626128004683 0.003403937206468583
9.064839794157509 12.229675247619834 0.02991357551229441 0.0022755219335924065
10.527758482913923 11.610663961404581 -0.02404480177679365 0.017940108904761443
16.61990765784477 15.547141253093077 -0.017078739863972812 0.02466407599442448
9.95538932798707 9.370469041540568 -0.014715479309595927 -0.026142965950497164
16.239317213547466 15.994847509027313 -0.005471042706490812 0.02949690986703105
6.261824028447471 9.352714819075471 -0.021523203132311448 -0.020898605860804654
12.125885155557672 8.177624607349847 -0.02108057486601959 0.021345007924996027
18.774824080921945 12.910136166675075 0.026049448237919357 0.014880398062550614
7.480423415735404 11.249440663871031 -0.0299196906085828 0.0021936530916902156
16.905345068595754 3.8755627160077766 0.017084874737254487 0.024659826747410924
9.106180581545 4.474393443775321 0.02692645305957537 -0.013227476162536991
5.87112524435486 8.840585305210153 -0.029029448506835493 -0.007569089733183675
13.770378241531446 12.321293413695315 0.021182306773996115 -0.02124405516214638
12.413698909344257 11.786083377368113 -0.011063263765598201 0.02788555530830975
9.810137369652983 12.73596339272297 -0.028308841628065965 -0.009930230897470586
8.666121550283652 2.2335229074210483 -0.013471239890451524 -0.026805329615841467
18.90327388694718 11.664770171042498 0.020923760678678065 -0.021498749709259964
15.577670673715577 14.611391798741526 0.018407804572162536 -0.023688662495655422
17.212849489294957 5.505883114169929 0.015192502351787722 -0.025868665839020852
8.06419276657911 8.341531272424268 0.0229008743609046 -0.01937911126718824
4.308771131936677 16.273354150692484 -0.007105012901726544 -0.029146505651043302
17.973126548801975 15.921184590325055 -0.029253496764938866 -0.006650783940537486
2.858434774941281 3.1428585133423614 0.029999981305768766 -3.349109619676703E-5
4.612599079589086 11.121633900863399 -0.021267050905762926 -0.02115921893104016
5.987181526439587 0.9138544454223263 -0.0011128351848253793 -0.029979352859116466
18.513850652225468 15.894101940579098 0.023931005446112992 0.018091627299336846
4.801440355903425 8.91554744082212 0.028982077789720638 -0.0077484944983255664
5.732688910816717 5.65643224515239 -0.013346013899455448 0.026867897442776238
1.6436915621887538 2.0854245202507404 0.02147024763001315 0.020953006149617637
16.74317469653599 4.755719319845316 0.025865834550924616 -0.015197322230715328
19.447039024630012 4.378749023058452 0.029567721807326513 -0.005074428748593101
16.167374846144252 11.92582014255355 0.018228163401816478 -0.023827170604095615
11.754031684241955 19.282372025963824 0.028382748099433194 -0.00971697536912188
13.488293940755693 17.785317273829335 0.0035957645723146245 -0.029783728395559997
7.672709573838674 4.9009763499895564 -0.02110931666346697 0.021316583919602967
7.716041720398728 9.589302298936811 0.020751729877170326 0.021664849574944117
10.81342625232419 14.690520576602529 0.027323504267035437 0.012386529561152158
3.864460523756983 2.7330972504713613 0.029999133836313606 2.2796725849097435E-4
9.07112324920595 18.20169584378653 0.02939751966090378 -0.005982126527145315
10.128838442594866 2.5209912785057864 2.093484852146722E-4 -0.02999926954463622
4.415179950800963 8.872664050599703 -0.027629861220699648 0.011687205351360848
11.854505542919615 5.50905825716449 0.019233059390735514 0.02302367100339215
8.485982505027383 3.619783430061043 0.01909251550453322 0.023140351157861856
12.70807964190055 17.796371558254467 0.023956258809798195 0.018058174432593298
14.07479862232351 18.2994393198726 0.016545361963552132 0.02502500744245728
11.802452686445113 1.899262461791169 -0.028662325334393366 0.008858391864519899
6.219606421518287 16.573039678361948 0.022924128067089378 0.019351598186291615
15.715269695201634 16.661964592521933 0.019991016059943155 0.022368712007871504
4.860067532735566 10.757720376336717 -9.878219848038535E-4 0.02998373238485059
10.148230235572235 11.834765579928115 -0.012433842359714311 -0.02730200659610524
7.373070435653066 1.2818882056843783 -0.015353054578982178 0.025773702006013696
2.1080410906095137 4.726051560537854 -0.01904299926522421 0.023181116862322878
10.907042399635804 6.719418426008201 -0.016998881623994266 -0.024719183310405502
0.5938051926735177 8.383006552872306 0.02999682596216152 -4.363853753193674E-4
6.736750229608324 5.318649970726048 -0.015576618006157835 -0.02563920770012676
13.432080924099893 15.190644512946054 0.022815408138394885 0.01947965994257765
0.7964442597483101 8.679358061057595 0.023960253825965696 -0.018052873361193673
17.629318754345952 16.15099336697599 0.014601418642451241 -0.026206842114758454
3.4811457104746046 11.907082052977294 -0.020524467666553414 -0.021880270268088635
8.868897658230159 2.4019253026569 0.029755819140974585 0.00381984649555585
18.534470827595474 16.271673900683446 0.010559393654845286 -0.028080228019765313
16.961098259081417 3.184140508454534 -0.009667111969831603 -0.028399770177991553
14.60489991018706 0.13514691582433347 0.0290832683014381 0.007359585919504289
3.4910661194147985 3.328409882172425 0.026124510693082862 -0.014748218232959503
16.52658047070331 2.649962232603469 -0.02988803213083206 -0.0025895048457862226
6.87169153180516 6.714157067132673 -0.025970459258716053 0.015017830931641548
7.678943572808854 9.357248321561853 0.027148158740090484 -0.012766263236470123
0.7023680664520859 1.7831206239864539 0.029940396281643186 0.0018901509194154018
4.452323207029226 7.167191233433778 0.021867114609793174 0.020538483357886234
1.9053649923817884 16.25390729996935 -0.003456577150115037 0.02980020259000436
1.8827460998194145 2.0504702514540663 0.02949378766299794 0.005487849240821998
14.641023594285485 4.288076769992655 0.029644463779687602 0.004604972010206986
12.343838074527758 0.8171692799823638 -0.007612211516485874 -0.029018170787082354
9.510769771649162 7.556700919249528 -0.01979437110162688 -0.022542911805955294
11.660671827802503 9.252619820643924 0.02324242820476132 -0.01896811880884647
0.9999961702091542 7.436459629337405 -0.023934693441284037 0.018086747907563563
7.44015537867276 4.200140040340859 -0.025812579557440807 0.015287600746709366
11.38577595176002 17.852000897683308 -0.029724592415138952 0.004055688074034271
9.533474404566796 4.448166254618475 0.02234415456731622 0.02001846039714048
19.269130969309412 4.439820183581342 0.020090717978632596 0.022279206698243296
12.53397920272671 2.950860157102839 0.024226576006111483 -0.017693869419098333
4.25775414771139 16.539065461563652 -0.010775304944801918 -0.027998085708607425
3.6819990903112787 5.381443787843281 -0.016569692879470053 0.025008903971986445
15.82966698501103 3.254745637096701 0.029790681194677943 -0.0035376989636007475
8.547159902008765 12.61829417902308 0.008395460761242963 -0.028801323556503958
19.69585372252595 16.164575326161252 0.022286446632925103 -0.020082686485572127
1.8771846625299204 8.764771592007857 0.02641713191344579 0.014217423868887212
5.632448735215057 10.265423498287387 0.01775557903176617 -0.024181385676728815
5.965587070504627 13.911846863122133 -0.02934999630900517 0.006211096252786868
9.290124934497989 6.029829366075137 -0.029999978370275456 3.6024755441662275E-5
6.162497817628523 0.21242602410181055 0.026231458740785727 -0.014557148495857835
0.3669395556055033 11.955569776029817 0.026498036698440468 0.014066060256095237
18.533780600994668 10.029825983147573 0.019219041531647624 -0.023035373724009857
0.14559983867695303 15.167613462659851 -0.024837108275304148 0.016826112222400578
12.401954199635847 10.969669172455095 -0.006133620897380696 0.029366284999761457
3.0789239467052365 2.3352346406935887 0.020643524326390602 0.021767978853943225
8.253970459737715 10.461621528935641 0.011486326240035148 0.027713973181546524
16.127735662375077 2.6983990600962326 0.025900076778613907 0.015138891071075997
15.388920189950197 14.119341151687534 -0.027304167402695763 0.012429096606172396
3.120566319015816 16.09500840184573 -0.010094797018780048 -0.0282505765100401
13.254003208978231 0.2058543650446909 0.006249198085342496 -0.029341907287873288
2.6589018633977046 11.720031313032122 -0.02968794406692034 -0.0043157823253043215
3.667916175263435 5.936786157323979 -0.016091667369656792 0.02531912797203574
1.1172722314301442 16.54220127537878 0.008341349756249785 -0.028817041559534032
19.48293225224346 9.772545660467468 -0.014712840757033687 -0.026144450976415018
7.103878425484438 7.904624440003469 -0.027838418258477986 -0.011181344680584687
8.553673651086767 2.9271674165884543 0.007187448737693429 -0.029126286763729928
11.311581802524957 13.330590327734102 -0.027888106727296743 -0.011056830611296623
13.462692296699144 19.638119754977584 0.02454170606437715 0.017254120187645435
12.895601922073016 15.870895958415224 0.026137320945258717 0.01472550351616337
9.038731639387905 1.8175174723165322 0.02890376393058217 0.00803569727187237
8.195111008136887 7.827361195624443 -0.0018408729829110428 -0.029943466510422404
16.46877268153326 12.997854481718505 0.003440625979132405 -0.029802048467709716
3.5406969588105786 5.169709818009545 0.016202781418152026 -0.025248165761409033
8.362883858063855 18.389135227488133 -0.029947989823978116 0.0017657591859886262
5.7653242001750655 3.667905487009593 -0.012629163865746673 -0.02721220718817418
10.532356364686224 12.711159218148577 -0.01106093084519325 0.0278864807539039
2.507593155734862 3.3651279898989817 0.02987429240880273 -0.002743474635084405
8.974829825105877 1.5242406553209586 1.3796858254208787E-4 -0.02999968274282632
1.0447192667339933 16.631163000720722 -0.02396813189404542 -0.018042412629957295
3.550904602250742 2.2608481167788907 0.0026420692960940494 0.029883431359779236
16.738316522770493 6.212802132276245 -0.027925729127818422 0.01096146215975376
0.44840365648341596 11.204057538371742 0.02994437815632814 0.001825983798071083
18.675776095620996 11.425230892829068 -0.025264821484992053 0.016176798055594434
4.563707856681369 16.34836023142457 -0.011482910061029798 -0.02771538880352034
5.138330902949639 14.332065879389397 -0.006364177550142518 0.029317183427305257
19.622789486768593 13.433803744658682 -0.019258785814021684 -0.023002155746139036
0.4558011256544181 3.304992217032474 0.0299902974573682 7.629275316663298E-4
10.89345487274872 14.422650663237436 0.028735471580424787 0.00861815949322124
18.88707252320197 12.037625114150469 0.029289453727405792 0.006490600923655301
3.818163131856318 1.183317706897884 -0.026221447843343366 -0.014575173172172724
12.601594282405472 9.650549834453457 0.010856684093234072 0.02796663030291133
6.374398038248918 19.991267801967677 0.013308119456048173 -0.026886687347896766
17.77512135277647 17.141266233108453 -0.02584216128655926 0.015237542454065802
16.435239234851835 18.42035993996757 -0.029903579621095307 0.002403315594093587
14.334623601872337 0.7172769023989889 -0.013527012583785865 -0.02677722783557138
14.282227510879679 19.98790636299744 0.01541439248009132 0.025737064799034565
16.01220914029595 10.553540995809767 -0.0189381109227299 -0.02326688536694111
19.57921354232521 4.176891429246725 0.007696463141603809 0.028995938596809278
4.053201389438195 19.72533734379938 -0.028940312741603424 0.007903056270721255
19.850301990863382 11.771512829928874 0.01642122008558108 -0.025106643162735004
12.063573135698105 1.4099166308863809 -0.022536561268788637 -0.019801601101379046
0.5556492307554173 5.326918372115945 0.02580818169022416 -0.015295023956973013
13.908909236224321 0.2885480400396512 0.028936446664545843 0.007917199910946655
15.401401973394659 0.5077901976411758 -0.00648773153769177 -0.029290089441564353
10.060421996733364 17.215406216925235 -0.026985283632126215 -0.013107038845357138
8.167859139907293 10.367775850382351 0.02710615491899608 -0.012855207719340225
0.03032133268694004 3.8894918950657864 -0.01903627751545686 0.02318663706436342
6.143724873949161 6.734749659424402 -0.017345939299513523 0.024476895019948756
5.193577128352582 9.146232762513568 0.0010487711456995204 -0.02998166238026084
0.7023920436490982 11.984996486301887 0.0019153911037716762 0.029938792175363257
13.93785266828562 11.689831294736566 0.02507142186674024 0.016474944782303196
6.574343560129936 2.8397106080143852 0.008943555324258091 -0.02863586594049383
2.237624334210564 10.166604650779185 -0.02915737049152985 -0.007060293621349207
10.321241755616427 13.544203493521241 -0.02197954145900875 -0.020418123254885973
0.86932310522432 13.4217784735653 -0.007167839618683587 0.029131118674037046
16.20291111266451 17.97596550454619 -0.029373963843871254 0.006096740776754759
4.966199491932448 18.013218799482395 0.020796731154584615 0.021621655192975618
8.286444585523006 13.891737861302765 -0.021130893208166752 0.021295195519765768
12.786641952463896 1.4387420101993342 -0.024067197144170847 -0.017910053646586727
8.952900932504093 13.623072277441468 -0.025616267147645113 0.01561431578457659
14.707307003323535 16.369629427805382 -0.028822076490854456 -0.008323935773138497
12.024753529142709 15.959013362686626 0.02352609629604286 -0.018615122698207455
7.7597601420446445 0.21016998009133037 -0.022981975551689 0.019282862851287646
3.117222448496928 16.54554537328928 -0.024574619848465803 -0.017207209515298826
8.650854561184147 15.69716345844428 0.02656078731497456 -0.013947206788769085
8.497108181501345 7.653880223971427 -0.02690751094675411 0.013265966027783559
13.224856242758396 0.6276631496268692 0.02887943064647043 0.008122714172966108
18.13956402221461 2.330483383765265 0.001709677779520889 0.02995124374529733
12.758869500820802 10.20858540309514 -0.029343628629699012 0.006241110385364798
18.66965770862176 18.385553434873582 0.02336188405193359 -0.018820796304726613
18.289470516852656 4.446454044101545 -0.029970879685964753 -0.0013215032536566826
10.762368447613198 10.985458901437976 -0.007166149151070301 -0.029131534568996094
0.2421370904447273 9.365246969421904 -0.02704660077320145 0.012980038005146926
15.090120330705215 1.3079409092110894 0.02707328981421094 -0.012924278650498918
9.808112144185081 17.01837463110436 5.915050288265105E-4 -0.029994168129836053
16.226857170644948 6.253772130378275 -9.113029621770468E-4 0.029986155587389447
14.555296084485477 11.047994819731223 -0.027332326533241066 0.012367050023359907
8.655288281811874 9.979497177505845 0.02992566448206968 -0.002110593591052788
18.377617607646364 16.17948103617784 -0.00509741386134399 0.029563767891224182
0.23006061943767753 2.3549555505141417 -0.014811692145270864 0.026088575580006688
15.725687179171082 19.19663423632255 0.008405177376873473 0.028798489426761508
1.6125371518742293 8.6259993091189 0.017987169689895607 -0.024009617376103697
13.702343620349202 11.737514802931564 0.013972428340124266 0.02654752806345804
14.2383468843473 15.784197706497247 -0.022912522403349317 0.019365338032578092
0.5695552427377271 11.23227419117925 -0.02568510227051956 0.015500823247587558
1.6702037448512996 17.555934151606095 -0.00523099665198117 -0.029540424404990558
3.9550449819575895 13.461432721007277 -0.008390409143000866 0.028802795600653894
0.5264616704615155 15.605131452585594 -0.029807018923048458 -0.0033972964134780987
10.962465148224613 9.971430147850537 -0.0013188634515756618 -0.029970995966035193
6.79875425757997 9.516449969029564 0.015701587987553958 -0.02556286632342119
10.810075089178737 5.807248619996585 -6.059305439171484E-4 0.02999388017872893
13.955632341589492 3.3462212319060725 -4.5380591309832373E-4 -0.029996567473516648
19.8190913338116 11.010259441169 -0.017639538310917302 -0.024266163441666683
1.8866718793899118 18.891129108278005 -0.02991773098824682 0.002220219024082028
10.751321413282199 4.8214803377983255 -0.02659155764717706 -0.013888450665817951
15.023814307789822 13.161751822840666 -0.02978763268560129 0.003563276439977363
11.800806560122732 19.701871581306662 -0.02168544784773754 0.020730203849529682
16.87204698839185 3.6291009567658117 -0.00949934280029639 0.02845632594630686
14.058081089962155 6.745511196350808 -0.014711186545580525 0.026145381818231884
3.1156981843428433 4.3442201972911505 0.024898659126335446 0.01673489688377411
15.007788906771736 1.8691573080732415 0.009035064366736682 -0.028607125194414853
1.3028606952559207 9.658305913631487 0.007441911407876027 -0.029062311583859336
15.547849630551983 8.80121289048134 2.0677884330485503E-4 -0.02999928736670192
0.1496135178372615 1.575697140109975 -0.012553752230764204 -0.02724707883294249
11.025638081787154 9.290129524175237 -0.029159579383170275 0.007051165165885065
12.486005946467117 9.273994590094137 -0.015557366215208432 0.02565089387225894
15.705789918529685 10.470211874923585 0.02751294712283105 0.011959838653439378
2.963007118430938 3.4815141905683555 -0.02630631623456191 -0.014421432874968578
13.684782244514182 4.762293346693969 0.02821124339365953 -0.010204202378613506
13.467106597999019 18.6068434081805 0.025910370565745355 0.015121266386971588
17.256414861191814 8.286205179665739 -0.011128998160282068 -0.027859386209111613
17.797706883690758 7.1004147810673786 -0.02995321010372903 -0.0016748744674945585
1.7542260221281203 2.197096303021402 0.02820598209971752 0.010218736408696269
13.040233411729522 4.7633211253791 -0.026170038695631784 -0.014667279047905754
10.533818206222227 18.74176495633487 0.0015771225342784787 0.02995851605990976
12.140697998136272 4.811081397012272 0.029223484017355136 -0.006781443938232393
17.529486617703274 14.715034683475318 0.018972136832761118 -0.02323914852138496
12.818641345969903 10.594255778110524 -0.029739639696781416 -0.003943834518032274
11.182546620602382 2.368107103760859 -0.029859828871755322 -0.0028966566502585675
7.945690889863226 1.0557438612562886 0.025033906438887234 -0.016531894277699705
1.8878312394487429 8.106538348145168 -0.016113635029511023 -0.025305152956180983
16.104690438188317 14.285804727608781 -0.029219760831511534 0.006797468422086582
5.772007995590275 17.378324926175523 -0.02905988487042756 -0.007451381839464095
15.905273325484037 8.87733977306288 0.007990724050530544 -0.02891622951126707
6.872222746707582 8.293262775436173 0.01909915291009535 0.023134873202954803
19.879144236917618 2.0803271100864484 0.022125326288246715 0.020260057666221454
14.833073831925699 3.471621824081945 0.009518104174394226 0.028450056114626192
12.962981966504241 0.8374957137313355 -0.028942979089881346 -0.007893285843214543
9.228650446647283 9.568981287876138 -0.0010509704191438859 -0.02998158536799021
14.687055296178897 5.422935752051769 -0.02999777130068114 -3.656733406072656E-4
18.62633704620126 5.4781061807933025 -0.02720101553701292 -0.012653250718893607
14.649150632185084 5.30836716621395 -0.004869892719215794 0.02960209696800767
2.5598155798468336 15.41876672924956 0.020720685496488415 0.02169454292110379
17.529506006147876 18.692782988799234 0.015899924365817292 0.025439976516523938
8.627238235271776 12.480753576290278 0.012610601418577963 0.027220814312980415
10.093936927314022 17.432158801542933 -0.021445380329741186 0.020978457105153128
11.871412691818346 15.60970914205985 0.026319388563475515 0.014397561795137194
0.07747694860063215 10.416422548242162 -0.02717263945273894 -0.012714073508181996
7.264085397391787 10.883151828920838 0.0012348069294320341 -0.029974576758430245
10.715443942075515 14.21793591998609 0.014530092036260007 -0.026246455482937376
12.275534861699251 2.0159385402379515 -0.004262150638123233 -0.029695691134202378
8.606165064770883 9.473867169794355 0.021454676053923177 -0.020968950269892272
19.870751981716516 9.598698832464894 -0.003275782299510158 -0.029820617872978687
13.600396933866678 5.29610527944826 -3.1959884984922304E-4 -0.029998297561281292
3.4790102971727377 11.285246345770737 0.018872138358371916 0.023320428679217443
3.005096296873855 8.296240243820066 -0.008706787792572253 0.02870874163621796
6.1166263881457645 12.11893738063649 0.02520730409652443 -0.01626627862128712
17.48936304406842 14.776737875516382 -0.02927091966869928 -0.0065736794680417475
13.4227590468161 14.97414214881606 -0.02982488566538507 -0.003236695080897822
10.051406583395398 17.417205739745558 -0.014806516411692608 -0.026091513404750546
3.3521701827021544 3.6757522084234284 0.02992724154056503 -0.002088112490427381
13.048029789600779 15.458677984854178 -0.011873497090585775 0.02755031881557546
18.05153914335308 17.172705713907067 0.024412631923909654 0.017436266875329336
10.840709794983125 9.978646589680194 0.029610112444629674 0.004820917030647468
1.3592196475053253 12.04417792430785 -0.029651695210750575 -0.004558176294171975
19.750594240257804 4.312171881500538 0.02933973839208579 -0.006259373058379492
9.681735546022512 5.910128286418672 0.010061968858352314 -0.028262285517869006
3.851983410669786 10.904323071426603 -0.02880956746820594 0.008367127481692271
16.92094776986125 7.739607228088796 0.020089268267334256 -0.02228051391873798
19.220845143217954 17.708523599481566 -0.029318980277841244 0.0063558945450311035
3.798120876542359 17.776368246482274 0.019119374726236302 0.023118164072385948
3.5799498064565283 13.443550519594698 0.029904014526867213 -0.002397898074755215
7.427182749357351 13.44521283109151 0.013412206055876523 0.026834916223359245
19.271045381807 16.29607255524008 0.017470574019349566 0.024388092246718025
3.3488073867572465 15.21487609815347 -0.029865353030471012 0.002839135143901386
10.000451269177768 5.65019749897421 0.026182877161865167 -0.014644348518342478
15.4065667840917 13.462424382600553 -0.010935257851116558 0.027936000711082352
14.148263216200474 2.7225607455345324 0.027829205259751043 0.01120425520106735
0.72088088236127 2.8358777362564247 0.01596919768556269 0.025396549475852404
16.341359133868743 1.10059382000812 -0.022057830054585562 -0.020333522402255392
10.427812041456718 11.809350743741966 -0.028875566479953145 -0.008136440281954154
4.642325562784202 10.579753449611806 -0.022763314829099438 -0.019540509153839914
10.567491344571042 2.8692327691583075 0.01966702043314266 -0.022654101334688807
11.7135755789619 11.76722116970648 -0.012176343402225261 -0.027417816494956074
11.238098829543773 2.299041380561222 -0.027955024955644014 -0.010886532034092416
6.729099266224729 19.996940264202102 -0.024945554973008283 -0.016664911853610923
11.520465779822366 10.520419803812505 0.027723257951738835 0.011463898487920645
1.1137309664737582 16.45333350032147 0.011633984098029149 0.027652312995603185
9.307434855958828 5.511540991687818 0.025692733777568283 -0.015488170680716352
9.31733677114771 14.235737855282366 -3.6833478003186674E-4 -0.029997738739608672
11.560772113806566 17.512727224519715 0.012123233739143525 -0.02744134114262807
8.142198327868925 5.556944994544222 -0.0026092052507825513 -0.029886318742181825
15.123584788033064 16.03069996426738 -0.025064603437260406 0.01648531633099207
0.43685557705246847 12.439391059635838 0.018242186321472294 0.02381643630379426
0.4324631034660298 6.493263404338139 0.012187854620244224 0.02741270143119411
5.487093314682765 2.1708931569788037 0.019275994516933608 0.022987736630280618
10.63295601173021 8.648749271744972 0.0040452162475832585 0.02972601933509242
6.850352784426761 16.365555310368435 0.029984581027019896 9.617175438133045E-4
12.973995041382206 0.24993106688302014 0.026836647855164583 -0.0134087408766778
14.806935004977124 10.638979560798823 -0.02124314133610495 -0.021183223224388426
15.148600850877214 14.448668211629334 -0.02172765159645341 -0.020685965196314517
4.590681547548961 13.482313673614183 -0.003995821404992628 -0.02973269936113105
19.604107373981087 17.831036666391537 -0.02211588571701518 -0.02027036257573909
11.10171022007432 6.676458553709508 0.017153954222930076 -0.02461182346998327
17.84729199158072 16.75641729648171 0.029993717824220507 6.139145551596582E-4
17.31995739389411 5.232979282039469 -0.02391083407930382 -0.018118278440072695
4.43772750513239 4.678745056785083 -0.02994744109878585 0.0017750413050834262
16.99407258194112 18.02643278036242 0.004275633237169573 0.02969375288543384
17.65339400675146 12.912126589153047 0.02997936106408724 -0.0011126141240744697
5.676383090585498 17.5760005199106 0.020722011194679243 -0.0216932766553969
7.620642527004056 5.782115851970369 -0.02780252715261002 0.011270292095965511
19.54947627645494 11.361998079203431 -0.015910422797693224 -0.025433412008589087
0.8580469130010271 0.641373371757632 -0.011573048782144248 -0.027677870978204042
3.9192203740200626 1.082075598601655 0.0033101724312033275 -0.02981682005975321
16.45996862940599 19.624985342921267 -0.029669558547814615 -0.004440416149168978
6.346052416594206 19.757252305843426 0.019882301728323847 0.022465397347562997
18.247950231108085 17.51470069900173 -0.004867829057660889 -0.029602436390699198
0.201859944880447 19.921360887818803 -0.027784251546950595 -0.011315271361119596
9.790720281039928 6.348501831359781 0.026202436875769942 0.014609322426837306
18.46207660164562 15.53857421486378 -0.028293834182535584 0.009972910670971679
16.818821142351446 8.565576138648707 -0.007771759951093964 0.028975847653909485
3.697484324085445 2.999442908012915 -0.006847086144316144 -0.029208173707582503
11.757076078271032 6.06763955173901 0.01745323024958521 0.024400507245853797
15.880905934399872 15.69085244460187 0.02805209727916836 -0.010633900424589041
16.324384029184465 0.5940070483597304 0.027688600935986688 0.011547353731815656
15.571335570247369 6.301519064027694 0.02344332799939753 -0.01871925138227124
14.800202179024245 12.675554070393115 -0.02475886433807513 0.016941034109191545
5.520292520802689 1.2316292071122947 0.029899274178683335 0.0024562987578712224
17.962521721258682 2.0150624645940507 -0.01974576717212279 0.022585497089599733
1.4381388615922308 13.180017572588156 0.018773908996955933 -0.023399579931571785
7.132791854201463 4.7391763313012225 0.029517089617235315 0.005361102547806659
13.675019660523489 18.079401798866265 0.029944621868484914 -0.0018219827533363505
11.426012727156309 4.318595529174269 -0.027926541954505193 0.010959391153858009
10.462767319012698 18.871668599682486 0.029660501112244393 0.004500519277877719
7.343749801852562 18.233964123193793 0.010891363834656661 0.02795314282547014
13.118822269727936 4.93061361008902 0.022217874147008796 0.020158523467448654
7.34604593464536 15.288472629268261 -0.021253237588112567 -0.02117309358651303
0.6567539532448063 6.955816974275741 0.02995117089844751 -0.0017109534803701936
8.014737481721866 15.885274733521468 -0.01427191984833425 -0.02638773017602543
0.4436065478242268 3.5231372057833243 -0.01733565397035403 0.024484180636079055
4.832496265845498 5.08665776771823 -0.02992881540975455 -0.002065431714881538
11.192799914943802 8.76654973072014 -0.010624845128175965 0.028055528260973368
1.3435710374087195 4.778339075066739 0.025327191085654947 0.016078973590087163
1.420994147755732 8.402338360023807 0.02786387173541364 -0.011117762900530697
8.365721345252005 14.139536456001958 0.016793727373384137 -0.024859016893442273
10.703951098314777 1.9469961734616592 -0.02287648843419408 0.01940789212975444
2.7577543944098393 17.668357774772293 0.01480864311983415 -0.026090306417315006
1.2532585344104574 6.919095255755052 0.025873915059860576 0.015183560829894947
14.720417961479558 16.470877432457335 0.012855360537082956 -0.02710608244401264
5.5536471012292665 11.384931041164617 -0.010871320379478834 -0.02796094406858839
3.3646978137096606 4.066772905294263 -0.005149854905082278 0.029554678046911625
12.537751710473321 5.67742068624959 0.0057966872411783655 0.02943464654158361
18.902869600762884 13.707883848499616 0.0077548564120045495 -0.02898037615403209
13.957386385336477 4.6945997932978685 0.025457544277820026 0.015871781227790177
8.823466014208005 14.69929164158546 -0.012297732179543407 0.027363584985162715
6.600949974489674 17.012619661345536 0.02217378481572196 0.020207010341613086
18.258678196227127 13.443798067164295 0.028761975453745363 0.008529288833082698
0.6062685121657707 5.210467592876529 -6.554511764421345E-4 -0.029992838874559717
0.8361746535923009 7.3257760654932085 -0.01502840521437643 0.02596434163834129
3.565273977735681 8.319200496821018 -0.028817522106618552 0.008339689420748897
5.958875699267574 0.9725638307121276 -0.011511598532123708 0.027703485326492895
2.0872186235164403 18.13436842629205 0.014304512471437901 -0.026370076278890008
7.945434808247951 13.181642183014407 0.02040709983019093 -0.021989776636442245
3.0938765619109776 18.16102815551975 0.011668304903439723 0.027637848336662614
18.998077248064515 5.618085282821255 0.02999270286557781 6.616455373994192E-4
15.91422290480309 0.0283110980129897 0.027656095284990054 -0.011624990046772112
14.687530330316395 1.444944670555337 0.023511524090962077 0.018633524490018254
1.2156208270555302 16.084503653184623 0.01721121374909823 -0.024571815587840717
1.639128082018777 11.96264165908933 0.021912409709071542 -0.02049015131085632
15.379439103001404 18.270995293235103 -0.018195446228735507 0.02385216418980036
12.389290067080017 4.1528500073661 0.02991654285411592 0.0022361716521424858
18.964495664840896 7.918817308064366 -0.0023832181227924627 -0.029905188034506546
2.9144656301970207 12.236056044032523 0.02151215453562941 -0.020909978652193763
8.702570318631192 5.3968462948432405 0.02941522415625628 -0.005894453989742981
1.0099043819166709 15.885739746839372 -0.026942705044252915 -0.013194341396916649
5.774764610678957 5.085626536689897 0.023032763721082726 -0.019222169372075968
6.345218540787214 18.959252293616984 0.013243529252196275 0.026918561123251396
4.1014378245158305 13.412189023936577 0.02541352169962365 0.015942174093352447
9.417202520731863 1.306706437141032 0.029947143153415273 -0.0017800609396457982
14.655146879517648 5.053768226338706 0.003631947042269776 -0.02977933781470212
11.464827569765646 16.642848456221845 -0.01986200171075899 0.022483346904805048
12.426194911829505 15.233929848233947 -0.01669404927840651 0.024926065046254997
11.351212237572275 9.288751229114114 0.02852737124616202 -0.009283807935521303
17.122394739160143 10.562913404004252 0.007129825502430022 -0.029140445918086056
10.034761795344426 7.923485012269951 -0.028948993907047662 -0.007871197607080974
15.89418170943221 4.321930690252169 -0.02528341507608276 0.016147721885470746
16.066077513176197 4.881501921689775 0.010697914470844512 0.028027747429547303
13.706629599372373 7.603341811007189 0.027112407619567097 -0.01284201514834958
5.015687469956984 2.9776100047425946 -0.010390849903591017 -0.02814303178907778
15.231930429893781 9.377006680507716 -0.02907345590461685 0.007398253967139771
6.254713710281088 9.763826538652642 -0.02564663567021643 -0.015564384947667617
0.5478602930592147 6.377306745674154 0.021490369810826148 0.020932367410160083
7.408222983316339 11.384468067554444 -0.018057890575671223 0.023956472777875385
18.17537739561101 8.652292732790812 0.029605203387098017 -0.0048509723157899075
1.3488456828512474 8.098225138111308 -0.011915402736004634 -0.02753222071753046
14.185109999963064 5.580728172029064 -0.02467165905301736 0.017067783674855577
15.003198875770888 2.8170813774654646 -0.009424677732579288 -0.028481142000225765
9.798857819986498 17.976476626721723 0.020277674410694616 -0.022109181814211502
1.6503669699791779 7.847432920547344 -0.02135132073261119 0.021074180956164527
15.096634872379271 8.332244678092742 -0.025661127732376058 0.015540480156760935
7.882117835321541 7.0220402397116715 -0.014882995143425438 -0.026047964518571786
9.537997855363773 18.013199418123595 0.020273404147056567 -0.022113097573386448
17.988225403011707 7.6331842308899205 0.0029964156875448944 -0.029849983132783087
5.8817311067658835 17.939931872010984 -0.02337196307642851 0.01880827854839625
8.184299380064315 4.505943838194055 -0.026720093617383738 0.013639523344979794
11.041150539326916 19.581690939429958 -0.029081463346982566 -0.007366714980105412
12.708341245054836 6.111631137471614 -0.006655079483868877 -0.029252519841261326
12.18166740426211 13.434274705268596 -0.029847828186526586 -0.003017805916156457
6.207965581998507 17.178373863919035 -0.00877960489323163 -0.028686556745603737
19.128542609655618 1.0394995971259036 -0.029598242712909263 -0.004893263564096421
10.792325647752591 4.609427973761051 -0.018228666090279864 -0.02382678603104248
3.5193059458618636 8.409263413651198 0.006079260428673727 0.029377586569362055
11.338309020531012 2.9083104117167147 0.02748802736705933 -0.012017002599142488
3.157847054744718 8.778947215639178 -8.926925108894696E-4 0.029986715393337127
4.764060382619504 14.409037893596626 -0.0029405848788401382 0.029855534839797068
17.19400952605802 12.201766970364293 0.029861746138645368 0.002876824212755892
4.596372329845975 9.532926500306377 0.029457234933465578 -0.005680784283407991
17.98941211600521 10.81473065621697 -0.01446296669998343 -0.026283504222899396
13.781477097540362 7.591339943430642 -0.014751008702721504 -0.026122935176817984
11.200464613342954 19.802614317044053 -0.018228745793997875 0.023826725053557082
9.778336977783988 12.314736447437324 -0.0072196592629649335 0.029118319321806408
2.5139181840979163 14.240864208173136 -0.02911653092020203 0.007226868420894282
5.924157221007524 4.738146688273586 0.029083332379952493 0.0073593326923850075
11.847075962720213 16.13109707845744 0.029561702043903418 0.005109380810575419
2.205611094400748 4.175100874296296 0.018829452071478164 0.023354908149849498
11.349764763093827 0.010946071255917289 -0.0018034598501853864 -0.0299457431460428
13.175652550501555 14.066782147533834 -0.011289900090883664 -0.027794570619778695
18.331628557952943 11.4178920150265 0.026539039292539954 -0.01398854507906452
18.031882618862287 10.239119540592114 0.022807359159364615 -0.019489083307732743
7.837010415806676 13.046506435259587 0.007324897295626349 0.02909202432984899
0.9627095637625316 4.713386708364049 -0.028629372019099163 -0.008964321379336075
19.988930154766894 7.42967460694709 0.025800422050259793 0.015308109681749348
12.854082635176487 17.30898265649377 0.02981846489301188 -0.00329532265859021
5.849239582739115 12.103982326614702 -0.028314100979055845 -0.009915224946910118
18.351861622082698 11.901162537562069 -0.029922595134796705 -0.002153671376751917
12.257196472843892 9.131986398905651 -0.028364292175762973 0.00977071795560343
6.049997931503166 4.839870785494513 -0.02139571759923535 -0.021029105268978294
14.214238668656646 12.13163811340371 0.029475837379883237 0.005583458673141403
11.117134579338575 13.624292290049311 0.028322181744145372 0.009892119148675806
4.616957665237731 3.125191110348531 0.02965601620498418 0.00452997823943072
16.816027304201267 16.82453615666898 0.02430273518649569 -0.017589117728159766
10.678912963233495 2.0235410364540285 0.015685744835243744 0.025572590970873957
7.880889889039972 7.247800613970283 -0.02991308809548321 -0.0022819203736898007
17.838303319046275 2.8016434976910443 0.02515126974263551 -0.016352786622872182
9.30439247611804 3.6997245085945196 -0.02854426425576501 -0.00923173754485341
12.373400538415078 12.72847558230442 0.01446385409317976 -0.026283015899458854
9.39311733315699 10.06815942975766 0.015681824971749442 0.02557499492776911
8.829310532179424 10.660465971073531 0.0294041723254397 0.005949340287447519
17.55986177077623 9.969624669837904 0.029241102367603484 -0.006705067660160783
16.623864875110563 4.597459795548515 0.01703543898399314 0.024694003697712665
2.7527592647338572 10.398967491344207 0.015499221315858966 -0.02568606895969142
19.21053851566113 10.579625722762806 -0.023828339487844307 0.01822663537935731
16.13184894389456 6.6985700949222915 0.029975961861738603 0.0012007124816511045
19.732992198935857 18.654320280074565 0.006969103372330842 0.029179300851558572
5.987945656887117 5.140563812191401 -0.0072733071756384965 0.02910496525902076
18.4474906085166 17.083262561834488 -0.0066233893893283095 0.02925971143052052
19.288520520047918 8.357243148576849 -0.028232365590761452 0.010145616449954572
1.9917361553729873 14.149547447675596 0.019449020020789232 -0.0228415327907507
3.900282592907791 16.061974481827807 0.011398709977747442 -0.027750124519417944
3.95499301501117 14.75552745557688 0.024125704295078258 -0.017831163514096394
10.685330894998026 10.713671416574758 -0.025374591969591815 0.01600406455800296
14.705396365169033 14.308442778626036 0.004292118608657662 -0.029691374468845573
3.4416310849054033 0.168112513755716 -0.002300639621176815 -0.029911654205902277
9.044454012761623 18.940447259816754 0.01626648231099836 -0.025207172654345376
6.141175242958543 0.5423235320761122 0.00678268617783117 0.0292231957221153
19.41164148339753 3.6103592360653125 0.003962883148224247 0.029737107410666562
16.13009148210026 19.544685819632875 -0.029030352185044194 0.007565623041911331
14.917012208050764 18.730624963303704 0.029725290217233812 0.0040505705155229575
14.851155086631227 18.881658519896177 0.016955763719635135 0.024748779296844218
10.737618462437428 3.2365914438188748 -0.0018721001048909957 0.029941530375003664
6.125184337510731 12.96781055489382 -0.02678473877215513 0.013512134135931659
5.112605775500796 4.985872867965881 -0.010256803127733308 -0.028192161846848855
8.915699945226159 7.4025014491502255 -0.027522818277111796 -0.01193710492896334
2.4878245119339137 16.500286778867505 -0.007296901678964603 0.029099058848827457
5.570508132695176 15.334830329888838 0.0021802117970950875 0.029920673062613538
19.907027507515593 19.736134039361403 -0.012648815966816144 -0.02720307803609027
17.491600875217628 12.15665901716244 -0.011715654782588465 0.027617810069142195
11.573948710964885 3.1225044258740486 -0.009514273419491558 -0.0284513374254912
13.675427912071097 1.6174128205027194 -0.029999937779591333 -6.110008714025003E-5
4.106063377843405 8.811357046383094 0.012919348283134928 0.027075642927529137
10.171270539138341 0.5572095430932333 -0.008729430561310226 0.02870186478393456
16.292418743331794 10.144336695005762 -0.02984375210399383 -0.0030578522455089008
2.7456376455625575 9.55748542948058 -0.026062192083792884 0.014858066623470343
14.517844001146766 16.90425062844961 0.027689139927256197 0.011546061237011806
4.3723375961288475 5.898947133897505 0.022646461701836408 0.019675816943325545
14.224921650658782 18.06580137586965 0.013872706309326377 -0.02659977480459517
12.985712920574958 19.721135816411515 -0.020450654053306407 0.021949276725942067
3.091562290084635 13.510129113537118 0.021349509239393 0.021076016113987787
3.5704621264513103 9.059475257748735 0.022649463888925282 0.01967236095501172
0.6816989752849678 13.477972972386299 -0.029989598953834393 -7.899079618379671E-4
8.385057077724031 2.795112882492412 -0.008808123588075473 -0.02867781300687325
18.2927577675282 19.301351856358547 -0.023674962798849914 0.01842542093068901
7.134036891791677 19.228487841409752 -0.01803937969393812 0.023970414686816183
11.126949176003635 14.005622417949269 -0.028729050450934174 0.008639540507901954
8.361922883774062 2.155107082665526 0.024303020012241976 -0.01758872418012648
10.742377885432115 15.482124313947509 -0.02742525733525811 0.012159574831994377
8.320223646469763 4.5948024887862555 -0.012341099283932108 -0.02734405362165841
0.4201930157030964 7.803400927144617 -0.006022704904659651 -0.02938923315827394
4.078474306728051 4.7545150785459 0.0299238949379238 0.0021355354701100776
9.47887890576762 3.5327263166601086 -0.011967379662425622 0.027509667828153825
14.667553722816258 9.877744339921842 0.0032936146768770516 0.02981865359737525
7.977004417521298 8.14939718056159 -0.024392074285023088 -0.01746501394428059
14.453132663472276 5.276925390493692 0.009963364258426968 -0.028297197257924678
12.409643244546348 19.49049935908246 0.029909116201079732 0.0023334026807025738
4.571105465563199 0.42150406170605725 0.02562277618017592 -0.015603632295738367
1.0970264210594238 3.855665014677472 -0.007950829871488844 0.0289272242767024
14.884733416204218 7.2650931938007135 -0.029429645236317494 -0.0058220255293578846
8.600034616617933 15.528217442054897 0.023527311666807032 -0.018613586589717887
15.252045268154856 12.278133027404452 -0.008535059452487793 0.028760263561770406
18.726726430178463 8.266115141650301 -0.029927668565718577 -0.0020819832421275766
1.5663030079730778 10.583707308528325 -0.029170956212803897 0.007003949859234975
1.0054317123152057 2.078742228650161 0.00938288043586877 0.02849493910725536
0.6341140687642777 4.286866377714896 -0.00706492271689249 0.0291562491930004
14.818884411951279 13.537932827713416 0.022649752053529478 0.01967202917631115
16.004540707362906 7.092775555871375 -0.028255733309407595 0.010080353919760655
6.083625257025609 16.118143895098807 -0.025886289278930035 -0.015162454529776895
2.8154032532941153 1.6144913882668388 -0.02609732956868786 0.01479626268296458
4.220326154440828 2.7034715974514656 0.026780778964125028 -0.01351998069801427
7.974381723460889 5.802995798352082 -0.006562503322370261 -0.02927342737268527
11.431981785461767 5.457753168270523 0.02032656215730152 0.022064244171631123
7.874566896507691 10.553519894517331 -0.01216265800779339 0.02742389013589172
4.663955524583097 19.685350208156414 -0.016936619917485452 -0.024761884132081614
0.6262849196656539 15.053999807603178 0.02938404615114529 -0.006047960961130899
14.175814709248511 15.00888572346625 -0.014965761087501283 -0.026000499900421768
5.676376810105753 11.581942788002946 0.028406267190866787 0.009648004160503095
5.960665249482393 6.988268407432868 0.014893206412870142 0.026042127461934513
18.82718762499211 2.400904487790294 -0.0190384456789689 0.02318485682787259
1.2914419840907598 8.972272403903727 -0.008532172282453003 -0.02876112021710108
4.142326404538212 1.770387991480058 -0.02759493525203832 0.011769432800089085
1.8812380226648973 12.216828036038457 -0.010231484493483087 0.028201360340586675
11.05433008676934 12.914114061716386 -0.02740572354237502 -0.012203537074099111
8.379420982984005 2.7674958931368954 0.028874022667524982 -0.008141917157233515
1.1277594702075788 18.579524353004107 0.012639224098825995 0.02720753598140883
11.487883644889266 17.869437715556394 0.028615290328269653 -0.009009170851351255
16.27445558144007 13.491873133011874 -0.02277074051149707 0.01953185543050291
5.61050628222719 10.256026889662479 0.028776895542814415 0.008478813768325601
11.597784154872228 14.922591015457652 0.02748665759680578 -0.012020135363462388
14.819583612214 4.034150241675658 0.013772542861853811 0.026651774108272786
0.22915386591152664 4.554578704110992 -0.029694782891324045 -0.0042684738533963935
8.648889732754412 15.424726987744295 0.015015062550462671 -0.025972059922264413
