0
2.1535654920841862 4.43107530845837 0.002245056156916027 0.029915877437446045
18.935657435979373 6.528005163001234 0.027364028652179004 -0.01229674493200239
11.979666273587117 8.143991235337587 -0.028475644312997827 -0.009441275388401428
14.437513327266805 15.60288529819786 -0.02869917907434798 0.008738256145164597
7.053714239020488 19.609458202347366 0.029983085696823328 -0.0010072596968747417
8.510548207952677 10.149397030992402 0.02386640087173894 -0.018176768398960763
15.224393122303187 11.012888651159898 0.02984938637489549 -0.003002354583023684
15.709133429096374 9.770406318455436 0.019990266214625397 -0.022369382125315987
5.490909576379122 17.61576278198724 0.029247980529501238 -0.006675000745012422
7.334010291988218 19.63211657684261 0.026903734604885432 -0.013273622878095113
2.380154379043067 15.582088476877843 0.025619591278552123 -0.015608861032116854
2.258353740002028 3.0456119366386813 0.02017456194843277 0.022203311694178607
14.822906414486447 9.13720408879864 0.005192214624607426 -0.029547265648313597
17.73084453240385 7.169853492042955 -0.009983556199149013 0.028290079632592648
11.148572619381707 2.991276481013816 0.01225926201628314 -0.02738084174776439
1.8955245921932051 8.30776098351857 -0.028580458514699612 -0.009119067446265233
6.486906735757922 8.739754208683246 -0.011520281877876681 -0.02769987554943643
14.741723455581575 17.713795147350503 -0.027150462233343636 0.012761363583715527
0.4567224000148662 5.481752218158389 0.016529753271389433 0.025035320185429828
18.21261492265229 19.536808349341975 -0.02284915488871193 0.019440064837125716
18.82095054563496 0.11622397442296428 0.011780865259505013 -0.027590056428673498
8.26190509386505 14.895953159082971 -0.02860733722124678 0.009034393012807689
9.767136404216085 3.8137497849387048 -0.029517000721456032 0.005361591965970939
12.946125731706534 15.227851072785828 0.027406464275123638 0.012201873460103239
15.292805575319052 12.335267411028038 0.02763120857397085 -0.011684019545589591
9.553973979602294 3.7351180355182767 -1.7386087058486577E-4 -0.02999949620239779
12.183682423041294 10.68192926790828 0.001174679404796259 -0.02997699331647434
0.8704647087870532 15.48243385182362 -0.026569444030475935 -0.013930708665082572
11.304700784000786 10.703974574932747 -0.006273833458944978 -0.029336649667769193
3.7062659294326328 18.58674626767201 -0.010507808284892516 -0.028099572328559454
4.101728820052952 4.649919490691536 -0.02414997636865672 -0.017798276360179433
1.7328887217021371 14.880583979215272 -0.026943675318611204 -0.013192359922518083
11.746141866505218 11.266880346012991 -0.006703980532863127 -0.0292413516277034
16.58128427380153 6.926986038936427 0.028345328708853822 -0.009825596184813793
5.342409709311413 4.222433206595577 0.005156328644504711 0.02955354927770707
15.401279365187243 17.553873122256427 0.007947338835120846 -0.028928183583484462
9.84595118529809 17.749378294886423 -0.01222668051527454 -0.027395406249541288
6.14608241727109 11.064960891097614 -0.02994451578873399 0.0018237253571359896
14.27722284949116 11.146149902827476 -0.02778348068618559 0.011317163998120392
12.431174025269938 4.571194601465902 0.0062471158993064905 0.029342350671693503
15.628594581990784 13.913669403250253 -0.029089876260682296 -0.007333423425535474
3.7992272320639953 10.756331656267564 -0.019427620415267386 0.022859736765769762
12.390587788904394 5.878200338086195 -0.002273696176795687 -0.029913714341345588
2.668626467756876 6.815357990579638 -0.028424877455165396 -0.009593036102237388
9.40874867936225 2.8305529786201045 0.02973445105831259 -0.0039827654036879165
1.40663177926458 19.94506869306424 0.027780706167932732 -0.011323973013522427
2.0444043864838712 6.383762054184641 0.027507442288597635 -0.011972494257232714
19.29063438528122 18.970012926604586 -0.013757448501263387 0.026659568840007256
12.26197462838525 7.480500514438086 0.028622842607245708 0.008985147805174917
4.231189846186827 10.489266897225795 -0.015849499634565656 0.02547142244425904
9.900054468208015 4.021909494507545 -0.028175941796790727 0.010301276807457472
14.84502041179961 12.052804890513233 0.02992524655135291 -0.0021165110065248026
11.288277818245728 14.382631611063934 0.02999931617029376 2.0255694199744273E-4
8.788806170297397 4.730742079079324 -0.009014358019158465 0.0286136566957534
16.519699938437636 7.251541560190211 0.029988138027728976 -8.435506089590992E-4
9.38681346619472 3.1220925307244185 0.0290443658448086 0.007511645137579075
12.739222518904219 13.61034647579814 -0.02952294261819322 -0.005328776516506441
17.886068465685856 17.1470626891784 -0.027413412039610945 -0.012186256207158687
0.11012858757245336 15.236846416130039 -0.026603596454008022 -0.013865376147522705
18.71833282446876 1.3509458371297312 -0.0038229881135907135 0.02975541567317358
0.7081935818723473 4.58754481126725 0.027424418882331547 -0.012161465740872556
12.692475213331281 13.078565428631377 -0.027780540498323857 -0.011324379436463082
9.188819884114096 9.154430244937682 -0.021713141548647726 -0.020701195233328626
3.0253325132530806 9.603560314009973 -6.245869337472756E-4 -0.029993497481324047
13.087293984874206 17.469502171468715 0.029999676785426595 1.3925792593850556E-4
3.6727677455159724 9.651816639253015 -0.011426307141844252 -0.027738772595416673
5.143289096111532 9.101891118399518 0.021067317464525396 -0.021358092959084696
12.86172383042783 19.965623118538275 0.010200474709358451 0.0282125914389965
9.873274720858262 4.697640228055335 0.003936207439081559 0.02974065014414646
18.552595721860445 10.52488551650245 -0.012784406910278847 0.0271396193774418
1.221193659871056 18.98027283586393 0.02995318290384265 0.0016753608354465892
10.470539362009871 0.3715752794272942 0.02397063751250762 -0.01803908360322005
1.658802168630542 6.477577804994237 -0.004149879743291235 -0.02971158861650149
16.213385232864393 1.9587002580100266 0.027384367455923594 0.01225138437234555
9.43008136332484 10.570494215784148 0.028614268455678566 -0.009012415921735894
9.838976885564911 7.538124819275711 0.010912673506664042 0.027944830594171664
8.274274660962078 7.465014213839241 -0.026272369765517077 0.014483182899623413
0.5099377831573659 2.9726690207161943 -0.02968529192222569 0.004333987020313064
11.142066168727888 1.2464963568481613 0.02687112129255485 -0.013339521748578744
8.6704950997029 18.85476129093407 0.028224824811570865 0.010166575842245689
9.04929673777919 19.854139591720795 -0.002655148869172597 0.029882272076977873
7.476951697752609 16.971647618969964 0.022081707037817346 -0.02030759006617988
10.890129596021886 17.36552493590552 -0.02749615362062485 -0.011998397229255206
19.617108345204414 12.698438963551597 0.012647621959743683 0.0272036331905025
7.041847068132374 10.348434803384677 0.029999393825860466 1.9070941488280566E-4
13.238304794878673 16.235245817964582 -0.02732366897592833 -0.012386166222600586
15.909143556709358 7.348594559642709 0.026034926595699188 -0.014905790725639315
6.650174052518465 2.830997597074314 -7.297056140825668E-4 0.029991124182277267
19.837051692625607 15.153878466272817 -0.02632601025619102 0.014385450427112983
18.155599174827838 4.039371344649092 0.02743266023847276 -0.012142864251918309
6.4161271509778395 14.811864989256197 0.028953864801914943 -0.007853261299131137
15.358124795904748 8.104295200303195 0.029659201233781476 0.0045090777520525645
9.14641549902285 18.169723475946014 -0.02228370857654872 0.020085724584277483
5.350123930013176 1.9338126695370939 -0.004931360513911286 -0.029591919226062992
3.440646475081992 2.8322963645622035 0.01908320484677573 0.02314802999773405
13.244752251250677 13.639435483120064 0.029858230804342616 0.0029130831149498182
10.442237289358246 2.962179089141359 0.0030335191977911664 -0.029846235294868136
8.705042169275757 1.8285725127529062 0.01499620126356665 -0.025982954944782588
2.207677800349166 15.528617765939998 -0.007273777548521097 -0.029104847709181203
7.761810195133034 13.962876437567393 -0.02999179707835402 -7.015041060717245E-4
2.240867663210453 8.891476366699116 0.016020385959452356 0.025364290522507854
16.80228059942776 4.0455689950496225 -0.028342685881263808 -0.009833217023741982
19.64166031404149 12.611290203306273 0.02549517896510689 -0.015811257051138315
5.84485692015668 2.2736181321019022 -0.023031607924549957 -0.019223554208569433
2.4023545563123783 5.922960318827506 -0.029189723884267098 -0.006925317289499953
4.971234010457359 13.371223071611887 -0.029035818301582042 0.007544617654826076
4.501869128010261 16.40281462432942 0.00903988873746119 -0.028605601053191005
19.13141063249908 3.0820659208584855 0.026888441583448594 0.013304574747562298
15.942945063091196 11.187999409424824 0.011316219087906964 0.02778386556176966
7.724072343911987 5.399365744496207 -0.029408879372187592 0.005926028524409839
17.975648424080845 9.052376827343053 2.7163585160402617E-4 0.029998770207528898
3.825657058895049 17.902579657482992 -0.024977919957715856 0.016616362856712655
5.360800822356115 3.2706723975816376 0.026976309140785783 0.013125499805369598
18.325085445329428 5.082797342287099 0.01736121836638583 -0.0244660601003649
11.247447388549077 10.266488786157794 0.0028273432014605288 -0.029866471676800975
13.334093839456516 5.498117676488452 0.013751074647333536 -0.026662857049526045
10.354206600538065 7.481331072831036 0.005139637969388811 0.02955645651196396
11.089155873988727 18.415738618886067 0.0026989956126110743 0.029878343707158635
4.62800842286601 12.849934842692326 0.029732893403293076 -0.0039943772816812126
15.331662148918577 9.366799344737169 -0.02292757548691743 0.019347513594560488
9.065447565944865 7.038314417589826 0.01784972932700002 0.024111971361811865
5.22711118054179 6.5483250869539456 0.025394562322667822 -0.015972357510403396
10.269470387722901 14.69899457962709 0.006366689174984061 0.02931663809083744
2.8280615429545186 15.7266105991122 -0.02475586938345868 0.01694541032460215
7.612438853446706 1.1142255333374762 0.02349075612189194 0.018659699269328978
6.653361646310336 9.388196666210986 0.004818191405963261 -0.029610556083523688
17.30854132913916 1.6115618487808736 0.005123638784063025 0.02955923418511456
11.089113971591924 15.195880359063265 0.009813916816376047 0.028349374538448838
8.674102729176433 1.1133547824507195 0.015872860017223878 -0.025456871663140694
16.14388267358571 12.873139591747819 -0.019864397287996553 -0.022481230401929408
14.47131680582059 5.376444184176636 0.028101581020535178 0.010502435153158388
18.928185680471938 10.683573955422824 0.011702446258042952 -0.027623409485029476
3.274387289916516 11.331977546303309 0.0026123534413418407 -0.02988604372441273
18.580259082639287 10.60265225515516 -0.029953725421367042 0.0016656330272150656
0.7397158566505624 6.076776187266953 -0.010547942359841253 0.028084531542709883
3.917838420393731 2.6948368541115664 -0.0037417951995386283 0.029765734808412
12.663731503824025 19.31342463829348 0.0012776403512059977 -0.029972781571502002
8.738167634036202 16.395202333388283 -0.014142512838946264 -0.0264573114771747
9.620919433024092 6.390140959598218 0.016143293239899104 0.025286242966692934
16.482044038719852 11.32365158682511 -0.01780981066776609 0.02414147145429054
19.325687232668933 4.744957239161717 -0.029776025812867278 0.003659000791399424
4.176331174013537 19.591857045793187 -0.017637247723921296 -0.024267828347939027
6.877595076441596 18.890648884028913 -0.0262015302880065 0.01461094831168319
17.614433800811767 1.6458544176179157 0.027037895035948247 -0.0129981626403521
7.64031294908579 3.653665648275657 0.01260178343426722 -0.027224897690823893
5.25461948508978 19.555870376196516 -0.02904665316537203 0.007502795471728048
15.268106549668419 14.955878681922187 -0.02334287065391957 0.018844372890451423
9.128234231059835 6.04218170516464 0.021703782582136392 0.02071100725767226
5.614865116160244 16.943734151290666 0.0028242488598473037 0.02986676444440628
6.157653348012834 9.821720869980021 -0.024237589053342945 -0.01767878041272277
12.912306737398797 5.854241700506613 -0.028071920907086937 -0.01058145815028606
13.87867635837065 3.172409725972274 -0.02999967704442326 1.392021203283542E-4
19.346207491109404 8.977598955567668 0.02278114136537279 -0.019519723309793627
19.022902759870085 5.725989707950414 -0.006894294322345955 0.029197066732753622
4.339919367527781 2.9359883019574173 0.010162503143916665 0.028226291464694468
16.308835764471034 18.888069548118764 0.017406181292162533 -0.024434092019642778
1.5082872098629818 2.938663661467109 0.027760692997991016 0.011372947035456226
5.869934000621768 2.106395873060387 0.01694581816798889 -0.024755590209434665
15.094927284622015 14.573727881136422 -0.025008342700318556 -0.016570539984666264
10.955009842645914 19.31261330053597 0.010599644264101484 -0.028065059085533747
14.16190506443812 5.123397751644088 0.02603397137951449 -0.014907459012542028
1.240902022492385E-4 9.784183194389485 0.028395542951093932 -0.009679521708874862
11.96078186741155 2.595999909782083 0.01912632780076896 0.02311241192211519
8.20789687593919 10.634323678850684 0.02867398715259957 -0.00882057032014114
14.562933651742206 0.09581170046685017 -0.009009650260695452 -0.028615139387742815
19.883801884850975 11.048990163614425 -0.0011847126127421074 0.02997659847322924
1.4376601204684825 0.4300695759174644 -0.02998223689297037 0.0010322164956084998
12.660999102645933 3.8486593005835146 -0.019346748207613798 -0.022928221339458325
10.399039227238127 12.79743312620903 -0.029819341126953527 0.003287384181135204
14.274444778550365 15.24421203947716 0.023443249373337634 -0.018719349850342147
9.044403019138361 9.017804948335062 0.017795328859167733 0.024152148368086677
19.787824680785832 5.753135729730294 0.024106201149458224 0.017857521276533842
18.013862895460193 12.241092826808263 0.02951080967222955 0.005395564149321454
7.387212807785142 5.804794365948423 0.028329772679584364 -0.009870358652200803
11.334174422525646 14.791125395606056 0.02957685994667335 0.005020891922245438
11.47462331310054 19.939252653182507 0.029999992795937482 2.079047135258324E-5
13.681529410861256 14.326969506099726 0.008458519407194338 -0.028782867290075825
17.451749230178944 9.728284944662331 0.029612493604718185 0.004806269084281959
1.2042780334172587 16.591179951905733 -0.01162156047969928 0.027657536622351087
10.095547415195291 3.342374225711471 -0.007770422083278394 -0.028976206457155488
13.873255889229892 8.604494433958148 0.029950160325076792 0.0017285532974704568
0.7968511424644054 9.463891431523416 -0.02510433235318412 -0.016424752573505425
15.146992364943488 5.388066399912754 -0.0298658310206181 0.0028341025824563156
14.352278545236643 5.101889557272066 -0.005710694757634405 0.02945145098946955
15.711738870777147 5.463891131412952 -0.024684049763146785 -0.0170498588642397
6.8472471733837015 15.58318863884127 -0.028598138244582967 -0.00906347002773887
18.529671760948023 12.005559981915752 -0.0299733426525451 0.001264409045016922
8.010329848655216 15.050370648041671 0.025909210364525963 0.015123254222776931
13.437904344792702 16.27626499821869 0.013474999626633736 0.02680343979906722
17.010398755279414 6.350028186647356 0.006141149032408044 0.029364711620612823
11.80878554394959 3.777973231140903 -0.003469938356259093 0.029798649764775614
4.94937228512546 9.091867175682992 -0.0193038580580589 -0.022964343319030796
0.71851303262638 19.41132082602557 -0.02945335537345224 -0.005700864605051781
2.4038787294460806 17.436115611389535 -0.029921046059744025 -0.0021750868237099047
6.773954315536659 11.163929741313126 0.0202705791427854 0.022115687220072396
10.605111989672704 18.045870609067734 0.00670572640970897 0.029240951306654363
12.00201855636095 9.846941370787867 0.02135019047737759 -0.02107532601360404
11.721548196391161 11.532616737449434 -0.0041608079878953435 -0.029710060196638213
7.484467410896347 19.814488670327563 -0.018479538368006615 0.02363274553887828
0.9153767819610015 5.22489572113945 0.005653719729597604 0.029462441399503176
8.883979094906012 19.24502011034607 0.022844377338554885 -0.0194456788005387
11.259406369632972 13.487065253162394 0.029085233401232542 -0.007351815965856791
15.5021620527602 12.440708470031627 0.02937539880744563 -0.0060898230601160955
5.293249627284366 16.080026659686034 -0.020678371112995593 0.021734879068290885
19.57223805247533 6.903086615713006 0.005875333018594158 -0.02941904930348051
4.2196385653087205 1.8487535971938396 -0.005663385888649067 -0.0294605848597113
3.3409468350003513 8.048404437801791 0.02990279458912779 -0.002413063563280006
9.935224276389318 0.6901900910898418 0.029382897573202747 0.00605353865129117
11.045983055933235 19.901437128874786 0.012953630956058202 -0.027059258028524186
15.884058499559304 2.334690214519801 0.01734824118876071 -0.02447526358707065
3.744669627196049 3.7055024142887127 -0.02650644703510143 -0.014050205179119719
11.932529364919812 6.687308431421428 0.029466476811508942 0.005632649848588659
14.381711450909453 3.0506171225201317 -0.02524248960169579 0.016211622951089133
5.095777935125776 12.732115269219966 -0.015450339272144025 0.025715501480150917
5.471428556042081 15.980050107721892 0.02223863159938862 0.020135621782966472
13.188911736306148 16.400915598511236 -0.026305083257568907 -0.014423681735686209
13.973029678402556 5.904281158608455 -0.026122741425085912 0.014751351817311536
10.710607963176898 2.1324682085880675 0.024536748013988353 0.017261170206507973
8.703832103646867 5.534604995488513 0.027819231785072483 -0.011228995631329316
6.058334453962693 17.572199035091053 0.00947755956837742 -0.028463588400408295
11.000120603932952 5.137593028436185 -0.01765087549715418 -0.024257918174978705
4.27734490365215 10.145619491670846 0.00848761126443137 0.02877430199021164
15.02112401005814 9.08537055809876 -0.027853313627571916 0.011144187721144892
9.901195915068318 11.928858546035688 -0.025818704235956447 -0.015277254713337884
0.5086160133085205 16.001496876389307 5.176024180788203E-4 0.02999553446326301
17.17875512409041 3.8720664494542434 -0.029772300276035234 0.0036891918184871106
8.060486868689797 18.032114448189525 -0.027605300363588974 0.011745100758871096
9.417836318742998 0.22856369983856428 -0.01653563424606983 0.02503143623686429
19.83653403051694 6.348344271487494 -0.028648687580418594 -0.008902398548681663
1.8127243632561885 11.91471817886583 -0.003977052569849966 -0.029735215702204845
1.5612572452129525 12.537552524297945 0.028551456102858884 0.00920947090806644
1.6532497868036145 16.07020706839045 -0.023949443007681537 0.0180672128349066
13.881817887073371 10.884512531874428 6.837120917860918E-4 0.029992207950991962
12.115694495127094 5.590784466934959 0.008162700523215898 0.02886815408314655
11.42717953338737 3.6825429434275136 0.029997372848000112 3.970166470886913E-4
18.97708435501443 13.838555253158102 -0.029570406914340767 0.005058758238966133
19.831952354829415 11.840813312937277 0.014579046828492205 -0.02621929429966854
8.828171100735453 17.75820277181739 -0.003083416136541912 0.029841121710299578
7.75823522233498 14.546088018632158 0.028566449021807393 0.009162859285423926
0.12815625638131323 8.589302410675998 0.02644051991278774 -0.014173881146019075
0.48101297010583854 5.1616425057945285 0.02637499005742318 0.014295450306682486
9.374736511012093 19.29993757023263 -0.021624757861162483 0.020793504934139683
1.4949974640128971 3.656800526909927 -0.014003628614795581 0.02653108338569834
10.572875301149832 17.497937508310468 0.027911628709347117 -0.010997317072429518
11.138426128244376 8.598981634939172 0.027389921572211068 -0.012238962221860427
11.078660640368309 12.313389969899065 0.029165041454141335 -0.007028538751278063
18.38485753154962 1.2351433796753786 -0.017223358770230877 -0.024563304188807967
6.96211928843635 3.687250388810639 0.015561006846624635 0.02564868546181853
10.38761607289617 9.757511396632097 -0.01384174059651057 0.026615901586437216
19.6538608818786 7.431068043225217 -0.006234744770654278 -0.029344981813673
10.420878558894675 9.993416414478187 -0.011982520054218489 0.027503076430651384
18.381269548702136 13.81469726922682 -0.026932497537577108 -0.013215164637203842
19.581624400431597 18.172262989020524 -0.02990859433454894 -0.0023400822488508495
12.51461304384849 10.452571685408188 -0.004616674301806363 0.029642643579664764
11.720446293387948 17.9831069617608 -0.023971759840387047 -0.01803759213849805
19.373255388999112 10.742258415071966 -0.00557176094680801 -0.02947805081669453
19.966695833747266 15.910380264399741 0.01959516197732038 0.02271628550363324
18.41607833787106 10.59685006899278 0.008731202173237853 0.028701325903345416
2.002275480964766 1.0768867858070563 0.004712472840016042 0.02962756486335168
16.374632562319928 11.927827062383658 0.0031265012196588864 -0.029836638385104166
9.703721750763766 15.973730352260826 -0.0090653691227039 -0.028597536304184084
1.2863608521724945 19.1875982361118 -0.029166279117272403 0.007023401060267012
16.386762186095165 17.145197788350416 0.028931788602958752 -0.007934204952842222
0.2398555679018477 12.868574871053761 0.013244505521846238 -0.026918080791203974
5.8113530636069495 16.939247092031817 0.008349429026763916 0.028814701715045257
16.833471987164263 13.46356876080444 -0.02879373081367985 -0.008421464589330253
15.186046689407027 12.835009383563277 0.013335409980092954 0.026873162089021775
12.939080547582382 2.993142898245149 -0.029366141458485172 -0.0061343080979225665
8.183484976828556 5.809059715790619 -0.02508750203680941 -0.016450448065420085
5.608233323125253 15.459470719903914 -0.027293785671687425 -0.012451877918932151
1.6665913908314067 17.08100356037849 -0.028353340089258102 -0.009802454069408809
16.299978480339487 8.840911261141404 2.770769510796443E-4 -0.029998720445432007
4.337734233438044 8.952600155919217 0.0089783125425973 0.028624987404144653
15.676797034807526 0.5320465987380163 -0.02187484477691533 -0.020530250022487793
9.45845373493201 3.0770924198648886 0.029167295607549035 -0.007019178509045819
14.82419587075579 6.183022301000336 -0.027785520226272863 -0.011312155663505593
4.430430280526185 3.3080590035807966 -0.008406518031750555 -0.028798098107025275
11.9041390272816 4.109817398115343 -0.014693211052008624 -0.02615548793238489
14.351868353407474 2.4088248298271697 -0.008741713392047106 -0.028698126192685545
13.144263236628133 8.931211560860561 -0.00387221262742606 -0.029749049890173
16.32755127988291 16.67069323685661 0.029723596180506053 0.004062982906462443
7.072510233728384 18.62388945351729 -0.0074688360549309794 0.02905540376564337
17.663133330852826 11.394906590925372 -0.015597028066392557 0.02562679682473334
1.5968992666517146 8.24693331669064 0.029626843865531192 0.00471700355813272
0.14993080743553433 6.930663010973419 -0.02655787338265969 0.013952754616584346
2.656513144716075 5.33113256480177 -0.026589217208158142 0.01389293087355533
0.16821989930628112 0.40870222329821404 0.02805737304278809 -0.010619972595907584
0.6738239196434925 0.20465738884090756 -0.021187032024578327 -0.021239342597865224
0.7149920925067832 15.533225088222238 -0.029710627876146097 0.004156752483029322
14.049106772223713 7.869934288424223 -6.098306465770906E-4 0.029993801135942993
16.793926197686993 2.048254141667305 0.00393326351203753 0.029741039627842098
16.771340613298772 4.67962647642175 0.026304235714406547 0.014425227328570565
4.6761416546391015 0.21926161784269205 -0.016179680029707145 -0.0252629759556608
16.380512270396718 5.89264840721444 0.009563576569961749 0.028434802675427143
12.822795451620891 13.495999502525713 0.0212822502335288 -0.02114393116233269
7.695110275669064 1.8217696914593406 0.02802676310156896 0.0107004929815655
6.914885854830855 6.264290155508634 -0.010354471286024536 0.028156436642211905
2.7946408866558925 7.997764313371823 0.013083050605315664 -0.026996921803397318
12.30943342863254 2.257034361014123 -0.028381680285818615 -0.009720093834607507
6.786696054666159 15.543870110510039 -0.006284545641905819 0.02933435675236126
17.869627120073012 13.969244102988196 0.0031490130066144984 0.029834270848877346
17.145326497722397 13.438715801581784 -0.007507000863076826 0.029045566581524344
18.722266355462544 12.687418303512432 -0.027516975544739086 0.011950567219602215
9.323607197960726 15.893494525823144 -0.0010984861418931494 -0.02997988205774113
19.989004175172326 3.066483113036007 -0.023736571880154347 -0.018345984720866466
7.547299111996848 11.715175917169141 0.006904500399490632 -0.029194654891493987
16.516175370097617 13.321677512493713 -0.028333201109848737 -0.009860512911044042
4.0047381675340326 13.99460143729248 -0.023565152747055826 0.018565655819494424
7.376555967487882 1.9896320300554127 -0.006634574713255219 -0.029257177211314055
6.06448756486582 18.156571254928885 0.029435970805335738 0.005789958786331903
10.407866658061781 1.9813195764087932 0.02298978566982963 0.019273550655115317
15.868243312654432 4.436139441610463 0.013675652289166378 0.026701620446441417
17.94737454746614 1.6160270431872403 0.026252955625506297 0.014518344290076512
13.040909164460109 1.9864650892150393 0.0036805944099689175 -0.029773364351199975
6.567229874107985 16.99382255754894 0.021171712039198022 -0.021254613836277466
14.89905398973871 10.55136890506698 -0.0019154330776033875 0.029938789489978093
12.046348138982237 9.125672653737976 -0.004518421237560475 -0.02965777924120352
12.177042386346974 11.110363999912138 0.008919634634601723 -0.028643325889030645
6.754346874221955 8.574227418805606 0.02916585888485056 -0.007025145942183945
16.86839097207844 7.973037169580845 0.029258792471368072 -0.006627447707633388
5.481473220005794 18.030803204636285 -0.005661919550838677 -0.029460866704831185
4.427252325782409 14.998410057060006 -0.007422463038778478 -0.029067284744846177
12.623224171713554 4.519113507409425 0.004623713284807889 -0.029641546441774778
19.607793252107022 1.1659395519966176 0.005143393339949576 -0.029555803236429937
8.3046397322756 15.215271128009551 0.02866199695557141 -0.008859454301412436
5.141476565951971 13.538316728105746 0.007491800982872432 0.029049490839479983
2.979720983963632 18.83538838740852 -0.02910088493949314 0.007289615609782274
18.955328114108404 6.329818465469232 -0.029185924829494718 0.006941310528069155
13.426186380241635 14.98315504612956 0.0017335097424012735 -0.029949873855710976
19.597058896127937 15.612831113106152 -0.02429496703805597 0.017599845926023726
11.722555287067419 0.7739919960938879 0.012953352667344297 0.027059391247317523
14.021813733692309 12.131947011456338 0.022784400939548297 0.0195159184725165
1.2784474395087186 3.6511359983371916 -0.017769678064931398 0.024171026901410205
17.16424961382984 16.40989530982184 0.029442343246472522 0.005757466817698026
18.512679235100467 4.961261235707308 -0.029881769071223863 0.002660803858620324
1.2100363950112758 7.170155170856935 -0.029216870828675405 0.006809879512920621
18.247394663633536 16.12934158107148 0.026898874454465482 0.013283469165956019
3.821561886745728 17.1025916908976 0.008073380452414708 0.028893260945600584
7.9077130922869205 0.9183565890605827 -0.029991238073491595 -7.250095303843252E-4
10.580102357336138 19.88345884503875 -0.01400602082185583 -0.026529820593772225
7.4704053742141525 8.220513130380212 -0.011124656612926304 0.02786112013621267
6.584832275335111 14.53986590328414 -0.02745845541013731 -0.012084420817296168
15.76454237822511 12.231818954293027 0.029732425458548657 0.0039978589709803
16.68921633621762 12.818865025487739 0.023422071755649636 0.018745840996690424
0.8520798784743477 15.027519484996237 -0.017901506081283994 0.024073555616521462
11.636477343482401 1.9679253895617421 -0.02347201539530911 0.01868326773566048
4.154583455967622 1.9859680592028983 -0.027255744002473634 0.012534927956379423
18.944348034876597 8.729328846919577 -0.029637530645768153 -0.004649384606714485
0.7789481816757449 16.894379725905782 7.522936573175833E-4 -0.029990566087574267
0.5391063533442497 4.556110777923381 -0.026989362022376458 -0.013098638769929621
7.852630055857328 1.7905242033562763 -0.020205655457251004 0.022175019448534034
13.791383908690273 0.9192388455878064 -0.011770911629822852 0.02759430447398341
9.017805229390682 9.71612411379385 -0.010789048086137265 -0.027992792668739178
5.890297946174861 5.6299600103993015 -0.011285963245654165 -0.02779616940547282
16.65160275423905 16.834472783835416 0.027024451327501035 0.013026090374610772
12.724538173504623 14.570223879647147 0.002280008982856135 0.029913233844539363
18.661317382633666 16.237980581971087 -0.027299628883182544 0.012439061975909008
19.12301281225377 1.0180754431615502 0.029039336512924792 -0.007531064658407406
18.321922400499947 8.869869401751124 0.026743925761762877 -0.013592734634697897
16.134937192944378 19.47147459911183 -0.015312667466011846 0.025797717245433602
12.738463908123963 19.124522397273196 -0.02926236121893941 0.006611672700029159
8.87876276159551 9.798313618428942 0.029958086384581865 0.0015852634399148712
6.975643432407297 2.8769200671003547 0.010343732541375815 0.028160383468846494
13.427458279856308 7.645181199301603 -0.01872100961511981 0.023441923960942104
10.236263504449084 5.114573028696798 0.024469228110765878 -0.017356753027663468
8.478317337073216 9.982732861579535 0.012637075990263095 -0.027208533779244995
0.9118850301574155 1.3843409230302184 0.01886041786207687 -0.023329908659655136
4.620055303212531 1.7990889762520412 -0.003167547660276276 0.02983230869074464
6.783157020053034 2.4878228561028926 -0.024830507540107453 -0.016835851487247887
5.487386665730806 17.30963413991915 -0.029657710098743812 0.004518875047937179
12.71150024694563 3.0166489687068054 -0.029258177965241387 0.006630160039868067
7.799961953982764 12.354592237587577 0.029712617252430424 -0.0041425084200969065
13.123321694743188 11.354262850693328 0.02788915848535605 -0.01105417744468997
15.222370046112534 4.314925267894658 -0.028960142121023724 -0.00783008099128658
12.415339625306496 8.812697023707912 0.009550561659748137 0.02843917671071631
10.346313594450134 11.990181598400975 -0.02276623293220423 -0.01953710925589094
19.765084539190372 7.93770481886507 -0.023696120465766607 -0.01839820303377145
3.263920806727485 5.233969876676962 0.01738190086905436 0.02445137055828093
2.06185851500587 1.207420890467532 0.02023223116054537 -0.02215077475544043
19.738897415307928 7.206469841887317 0.020192865858090055 0.02218666645616644
10.81553560679881 10.059801352754922 -0.022144599963976767 0.02023898941240496
19.643734342129854 10.038968031538175 0.027286889251206724 0.012466983395849169
16.676243868374463 16.29142238142398 0.009935142017267737 0.02830711841740026
12.057884046197227 16.360430659543315 0.002225112565843635 0.02991736743213421
14.01731815772862 1.4411516402280555 0.027764780608964586 0.01136296430233168
19.342617938532563 18.045827099930204 0.021998457710298302 0.02039774150165202
2.9946123620840237 0.0606685841625243 2.760658270763791E-4 -0.029998729767427165
2.9395553195184787 12.93288555310641 0.02890224097610382 -0.008041173207886106
7.382501142263276 7.221220063430174 -0.019304491948961774 -0.02296381045454935
10.085561153404361 18.028392028501724 -0.029201203832845187 -0.006876750301750646
2.7732708273298323 3.841241864719036 0.029729705960765587 -0.004018032290365398
16.788202010771208 1.4846872456522298 -0.00949814114983358 0.02845672705526477
5.572336593625673 12.258958490634935 -0.006596195970257967 0.02926585380134932
9.14218249022338 7.656807618002455 0.014543894519111655 -0.026238809657012908
2.474412953908376 12.921739769345045 0.01364688718476802 0.026716333396748407
5.454517600997031 1.8234450982100148 0.017626358566905687 -0.024275738581367
1.3006079696845774 17.311180836676247 -0.02191353664265886 0.020488946088338643
5.938580122333232 0.33068973774481814 0.01998111120635153 -0.022377560076098854
5.436043964848771 15.648563713663137 0.013049275826465834 -0.027013263416418506
7.3759677727719675 4.344053831588068 0.02997244070935354 0.0012856118871131489
18.54219356340951 16.095888938689466 -0.028364896323595103 0.009768963944641268
16.75927547576339 12.106690378232905 0.020057823465939678 -0.02230882600696862
16.325321408706074 7.837012134095445 -0.029988199002367405 8.413801723421569E-4
2.3347826795671467 6.322683759898544 0.025143745354203436 0.016364353624967076
5.207355917849159 8.532910543636394 0.019047190773347746 0.023177672955749816
1.6655880163308523 15.423950319517504 0.02902975224015263 0.00756792474033359
0.7409233680918414 9.32373221985138 -0.02458037074531637 -0.01719899340144054
5.524360978129921 5.135310773807764 -0.0033251035346652546 0.029815158669437878
13.196198834679365 2.1143605823911904 -0.026931582714142182 0.01321702888365301
11.97944948982002 9.70983435112095 -0.029960365324793424 -0.001541593203447582
15.271438478300997 5.833750903792733 -0.021588610293874346 0.020831032273490972
17.52504095470846 9.938248459216222 -0.019938684958005225 -0.02241537066714303
3.3766150727450706 14.392601542015115 0.014666786201149523 -0.026170314910787182
9.279301299269259 11.702253212227028 0.01995914252117647 0.022397156735160947
15.133201913751659 0.05795993599627902 0.008991643714115472 0.028620802632323358
4.075346661479722 18.289577043440893 -0.022362666976809806 -0.019997778018677477
12.032977648101323 14.983525754762505 0.028547238231911288 0.009222537033295253
3.8273950702512627 10.453781807320572 0.005251269816468179 -0.029536827272316338
17.70238852541954 0.934584111781438 -0.01664887278123741 -0.024956262442805254
1.1849748829292084 8.50674895859946 0.029461530574508368 0.005658464120881982
3.7117098063625975 15.268146370032518 -0.026078181128549097 0.014829985469533869
1.6954595457373811 3.4866949253781443 -0.01659672260084058 0.024990974348967417
10.822593999395822 19.6008172684566 0.02963074105200945 0.004692460410995703
7.170939456196037 2.247068272982622 0.02877591162298007 -0.008482152454798267
13.143797715059938 8.135633073449188 -0.027205869187653022 -0.012642811465188893
5.5783627950496095 11.446931635872154 0.017601769836486866 -0.0242935731958751
4.7105321208313296 14.328474952642383 -0.0021516030969913193 -0.029922743926869697
13.608459498605448 14.86414725633274 -0.006503512464198899 -0.029286589518549434
6.0532007815625954 18.646090981676068 4.977200530602683E-4 0.029995870961663732
4.383042016998058 18.858929741086875 -0.02780681661197226 -0.011259704698976056
15.598889711868896 14.980153208222715 0.003871358816316409 -0.02974916101195678
1.973309335234088 13.534838510171163 0.02984977742593591 -0.0029984642105729715
5.16402535547371 9.401536008848783 -0.029440711982409017 -0.005765802456626319
11.15264671568668 8.212158685052863 0.029767697727800694 -0.003726147069868464
17.94678076438791 0.12006083851532345 -0.02975873055518928 0.0037970983321009523
11.91253931310187 4.9675671328840405 0.023418180077331128 0.01875070243659398
13.598237859655635 11.698670648894511 0.005857279439029852 -0.029422649057709235
7.733480951676528 3.6140905080353813 -0.003389715663721625 0.02980788197304733
10.114651550348128 16.886323712593658 0.012553734068125953 0.027247087201144524
10.615596510192661 15.694372775613452 -0.024766949871742733 0.016929211264869442
3.109592680367075 5.197228428895411 -0.020664974948671127 0.02174761619973083
7.814996921914337 18.623260546150657 -0.019759253341981396 0.02257369946126237
5.841892970969653 5.079239582263309 -0.006670387703346764 -0.029249032939347587
0.6680555153326528 8.515391280959797 0.0019779375393462226 0.02993472503782931
19.228361084165996 4.872809122161885 -0.005262374827088429 -0.02953485078985885
17.570745065930293 10.629970985425906 0.002814974590200195 -0.029867639981366576
10.68182582975863 12.642601046031118 -0.029837404589709786 0.0031191805574486077
16.05531928377713 18.60590862208803 0.005604335121524351 0.02947187520070022
9.395352433879449 14.433277616392227 -0.02235849380533636 0.020002443719624247
15.10084043246625 1.2810942014863258 -0.02724865333798736 -0.012550334308941338
8.740121798136915 9.812869496706089 0.02135345704276489 -0.02107201633263401
12.643796577356595 12.112523658414673 0.022864203287314887 -0.01942236360581119
3.5426243065514007 10.162961715345347 0.0064975122580806805 -0.02928792130650605
6.224165044216674 8.949345010509733 0.029458212531815957 0.00567571268039188
10.629145733131066 3.683638059228096 -0.023638703882017095 -0.018471915947684197
0.5022390558130807 8.756362583773944 -8.979861709995179E-4 -0.02998655733552442
9.332187349131257 8.319039038356786 0.02648907206713739 -0.014082935099687204
4.8911804418899045 15.12629215262727 -0.027965949374178376 0.010858437990838833
18.492089927251698 3.780469645165323 -0.023428169696731158 0.01873821935673632
10.836051403571343 8.02769835393606 -0.025819441699834394 0.0152760083238015
6.392913411946095 2.7396612996209524 -0.02324401508964083 -0.01896617416646144
11.58587853872152 11.872291877308513 -0.004927988018067234 -0.02959248103984838
8.267199181688925 12.463869208539434 -0.029788403698548394 0.0035568251422171786
0.09256881118553828 15.997731815719217 0.017784428344496127 0.024160176085026422
15.399759722335787 17.23351218739967 0.028795096037933187 -0.008416795362024929
2.558058035336226 12.085421195175536 -0.0170494792212815 -0.02468431198723372
13.053771166551055 11.57578569144438 0.006753193327467485 -0.02923002531442367
7.955437382043007 6.5896963623728695 0.006963991611304601 -0.029180521257127657
18.71834131029035 19.60566202847428 -0.02829005731251261 -0.009983619446611119
16.574771673971796 8.35540960760332 0.022250784167866144 0.020122191826812436
14.508040428399298 8.717712311033843 0.029971889382382558 -0.0012984016521182637
4.48139033293562 7.3428538153434575 -0.020938883888635254 -0.021484020608309118
19.59176701649553 10.834731758379622 -0.017722079956497324 0.024205947244747845
14.102439099967782 19.547463472295775 -0.0054601181135103555 0.029498934051699496
11.638448378462405 12.896099090823608 -0.015359717157503795 -0.02576973202890328
4.542878751245549 15.269361543406536 -0.029893649126168237 0.002523834765102681
6.47558643550759 13.951539927541674 -0.02159494711702562 0.020824462994585638
6.4287851869639345 7.014785352797106 0.029710235340963682 -0.004159557186114001
18.186214222437542 9.993454476442448 -0.020609094796737434 0.021800578241392816
15.025159763367084 3.3453899069281867 -0.028965972324916472 -0.007808485594029936
18.130582493549277 2.5795527352974967 -0.029905509204712463 -0.0023791845676319596
9.206411289870859 14.467499513654541 0.028485582437866024 0.00941124822622051
0.9685250605142115 3.6211601203666888 0.029212355551876144 0.006829222731085217
11.886609875920497 12.494276415375719 -0.005085105546878602 0.029565887464730437
3.462055576987748 8.882632207318666 0.028919950659937778 0.00797724600515519
6.247470096946122 7.029602372551702 -0.011943974595432002 -0.02751983776957406
12.128072791404259 16.382696493064657 0.02496585907422125 0.016634478671906868
0.22618001842812818 17.610916125947547 0.021698662940997815 0.020716370979806477
17.848159054272458 14.825710389638811 0.0037393040146421145 0.029766047864741487
15.121564650979986 15.894456053624522 0.00676136986594202 0.0292281350334901
8.174066393585084 10.423609228085462 -0.019778717372261504 -0.02255664733749679
10.912078994342988 9.242982650453337 0.02883384890631162 0.008283064484114071
14.828741511328282 19.18919216487329 0.01837982807038438 0.023710375790001945
6.206657905942583 15.243256554095424 0.024254178642757543 0.01765601366008771
8.016260300197795 4.367225548849689 -0.02220431732246723 -0.020173455138948845
12.110905224094443 4.98599120750643 -0.028281501066851174 -0.010007831803427543
18.530062618809964 5.688037159950225 0.020786942108436134 -0.021631066496604474
1.3154227324952061 7.719809213272741 0.02251218355248392 0.019829311427764514
0.8849435595776955 16.332770626525942 0.012381291378375524 0.027325878280556035
3.216628967855586 16.465615416649328 0.01421100475544752 0.02642058560745102
18.079656407603103 14.831628568580552 -0.006656528003922613 -0.02925219025873095
6.86712798898383 13.758856702695967 0.029716270923165505 -0.00411621700363675
13.096235645649196 9.705196376167464 -0.029563300088776282 0.005100126259315567
12.213961789495027 8.972076226030401 -0.02681775855094759 -0.013446480071121859
10.519520230689704 3.820696701245767 -0.007691621374822494 0.028997223326145793
19.79781135135733 8.444102412719234 0.027583144287339614 -0.011797039934822801
0.06345460906313827 19.673690805961545 0.004791264133428798 -0.029614925088605554
15.42082448547984 1.3778303233615574 0.015401230059632969 0.025744943438474627
13.354711027076057 4.812710415329251 -0.021872283365586664 0.020532978848074646
1.999141794490884 7.325985888531381 0.027618115558281874 -0.0117149346139613
6.771711375066616 14.27849412875422 -0.028412186754618925 -0.00963055781461576
0.8397579910293196 3.9111867663453648 0.020571031328457293 -0.021836498576549044
11.878349068184516 2.297324971643515 0.0275806463413217 0.011802878775745259
11.049031687249846 9.758168257280776 0.005448725322708338 0.029501040530084306
16.124303280574352 13.803295014908567 0.015772253586114008 -0.025519326339370985
3.008310748128924 0.674895841238734 -0.029988086264893007 8.453887681625121E-4
19.792913985106573 5.108608189391665 0.01790266150955096 0.024072696377315995
1.3447233845336304 4.815596441326091 -0.0030704151278368053 0.02984246221314104
0.1358862933186855 16.823153565916957 -0.01935657832910822 -0.02291992311045345
8.273553122160424 12.490144871722347 0.025970071787064997 -0.015018500969627115
14.401648416626855 7.76094296616527 0.027247844021518967 -0.012552091306988372
10.471713698821876 10.73591659520675 0.02371918543374805 0.01836845781113576
3.8888002604091465 0.06553512820802965 -0.010511123185415598 0.02809833250178769
4.826065485639026 3.712824737671223 0.021675268807055868 -0.020740846707448343
19.772771377965434 19.330648191070537 -0.007165178779699823 0.029131773256273627
0.7395575745390337 14.079915132926711 0.022639316454784023 0.019684037961255445
6.485341648988417 12.464709193586563 -0.029927337546651993 0.0020867360563218587
11.613866576794887 4.110310009897571 0.028155364373647976 0.010357386590598719
12.783122424671587 6.015520683298776 -0.02765832148818921 -0.01161969244240014
15.288228310518129 19.435574861177933 -0.022742092259587288 0.019565204820201087
16.92017379805103 11.387413722306261 0.029997741808068724 -3.6808479518418355E-4
4.416933056433234 3.7034261903587273 -0.027622915784984405 0.011703611559499881
17.82675701899474 5.7896562797202495 0.026873756488253603 0.013334212095585074
12.016382966995177 14.494233970405222 0.009481643331103871 -0.028462228298953215
15.863479507308401 10.980353470501111 0.02954542549473103 0.005202675497789339
5.898100752154436 4.669667478514167 0.027476815807075207 -0.012042615708560243
16.227918529331927 10.231066918032965 0.029615998207557385 0.004784626439959308
16.80553033739676 18.706247820758417 0.019115320412974826 -0.023121516505396178
6.786856103219421 8.937743621875175 -0.014521258238537728 0.026251343949780934
19.35630322809359 19.970143924632147 -0.029806868601337334 0.0033986150388960854
6.0267307556093215 9.634761489780566 -0.02053019655107864 0.02187489496144104
10.111753969947504 16.47745822248107 -0.013312893141495407 0.026884323986351683
11.680376329652741 8.709775791958268 -0.02902613264774392 0.007581795533748877
3.193250837481134 13.30413903686929 -0.022148462831446447 -0.020234762024892588
6.809842667261361 2.934119251559373 -0.028097896844583792 -0.010512287710633117
7.969308362146932 17.996675528402484 -0.02891153702012179 -0.008007685504197028
17.800621859832923 19.27053474095038 0.016596735259063838 -0.024990965942527057
4.764820557434426 19.311563378083 0.02120752944160489 -0.021218875912344216
12.637178836864088 3.7385404837798175 -0.013898280152385289 0.026586421511850988
19.798046859659017 2.2882941053955275 -0.008016874567804748 0.028908990334566953
12.455927536075851 14.036557124244077 -0.019146211152555246 0.02309594333431239
18.323575523492984 6.635003275121312 0.029952033633319212 -0.001695783367212471
13.869844054721979 7.955510172454757 -0.029093250277046023 -0.007320026524348221
1.1293151708146465 17.96306302170601 -0.005416143005583063 -0.02950703975228748
12.776457650861063 4.374868227786188 0.011145495993798632 0.027852790148425323
2.1689883094571694 9.519459049630646 0.014984257193391335 0.025989844869916016
15.83315037581742 7.00037434402714 -0.017183451379509305 -0.024591238250402107
9.462583233172776 7.393938959344779 0.019737484681922927 -0.022592735523412337
6.733159497940628 11.361999409676397 0.028086238536459116 0.010543396268428823
4.907108702477214 16.06928857068994 -0.003372237822837982 0.029809864341627267
18.75262365016631 13.507281166340599 0.004476914323481848 -0.029664073188626724
15.937756004529975 19.67285803130675 0.02817819181463882 -0.010295120497469754
10.36103460603468 2.053144223175938 -0.029135403271938726 -0.007150403917367331
9.881554472907503 3.098257735011669 0.02999688452736439 4.323408978650985E-4
9.279767899728606 13.739890769335272 0.002273161890081338 0.029913754946871544
4.355753211717461 6.708164239220462 -0.025030533979059334 0.01653699999162956
14.208581011835879 13.493257611824518 0.017902499641536226 -0.02407281675634979
10.372883660740825 8.700025993992291 -0.007185377591774998 -0.0291267977790834
9.178263701233062 12.560625328194526 -0.027946407875846162 0.010908633591648566
2.302609574848773 15.201350378134709 -0.022878263698478646 0.01940579939458496
19.47665904307677 19.049572927191527 -0.026882517463747282 -0.013316540647304859
16.07354157664084 14.232792531112011 -0.029955455252870345 0.001634227827838715
11.370185585284654 12.852372566225004 0.023847880916659542 0.018201059743455202
16.73000026680014 14.995651617566754 0.029333454313460322 -0.006288756478043661
11.126451446883475 17.367656352063786 0.024061791552419165 -0.01791731529241838
3.6307428297599342 7.353224566212917 0.024098926022712783 -0.01786733792571844
7.545732043049027 11.696727801111926 -0.018855479879134905 0.02333389977109567
8.317751500409766 1.4179682943357141 0.004067560903285148 0.029722970045035303
1.4275759476214378 4.350782320080365 -0.029864624390023835 -0.0028467894271957395
0.7098068214356856 17.05122346013777 -0.029872221270871482 -0.0027659349855145487
14.918864082186076 0.39800117961610315 0.02786416491436949 -0.011117028093192004
15.291555543356708 15.739467904142794 0.005388890248154487 -0.02951202910498269
2.98383925576293 3.035061838247477 0.008167409747301464 -0.02886682209769002
14.065612495362878 10.328453102007016 0.021809711747079807 0.020599428960757362
2.4651536322543266 4.602383850634732 -0.02580837772434687 0.015294693172386171
8.091763904205209 3.7591496609060515 0.027324573432432914 -0.012384170813404552
15.2155017016105 15.080423110121203 0.01878230188898448 -0.023392843686714317
17.520000936983507 18.229999149010425 0.012732345830657956 0.0271640823450476
19.10705385071533 14.296816301467402 -0.006954530993857835 -0.029182777432168287
1.386789363257055 17.768547871684575 -0.021266595123527233 0.021159677026173333
12.593348786611898 0.8201864172947415 0.010629266769654148 0.02805385335278428
5.528114786230565 16.379901917682467 0.0020902950374729907 -0.02992708917780538
17.81571177532841 11.382265219550153 -0.008653790797688512 0.028724761179683315
9.397300382131174 1.7846555007459197 -0.022161358834829104 -0.02022063734391035
6.611261054346935 12.409642615049407 -7.239884655754557E-4 -0.029991262739366503
12.176801698870097 1.9877349679476097 0.023509169362589143 -0.018636495268185484
10.477336992142714 4.801259855335978 0.023932963909899463 0.01808903641677604
4.345057203710853 3.942063092662924 0.02858791710539536 0.009095658061682138
16.550383274677433 16.58669779358133 0.029982883663322836 -0.001013255758260756
13.99339321180522 5.484794481656747 -0.0021385518252552732 -0.029923679521253688
