0
17.784641466201656 6.394980680091919 0.029531091583946182 -0.005283429744075621
12.31133690021685 4.355159500743366 -0.029451758171441866 -0.005709110316932701
6.7826406308635345 14.147583155111851 -0.0270340508187382 -0.013006156093553557
5.167283221345582 16.184135215817054 -0.010519111501763536 0.02809534290969708
0.4004030453685803 11.585764300167796 -0.009069208610404991 -0.028596318909624642
3.0637468119389255 11.499369430019497 -0.015248614463407587 0.025835629602282906
8.12265442683829 7.581201324634719 -0.02421272727313839 -0.017712815642822583
9.58265174322025 9.392649050938896 0.00716941637645044 0.029130730660611386
0.05548712278411694 17.33613896690145 -0.019320574567707582 -0.022950281008598805
9.567376155617906 13.014125702950547 -0.010800710463828224 0.027988294936929465
2.167388204445233 8.359139201181844 0.02009988047366015 0.022270940818577365
6.18841018387924 9.11670642373543 -0.019377373819833586 0.022902344505452445
1.1064972825102326 1.4538189356812925 -0.022495278744740218 0.019848486949801458
3.4565169105412097 4.585319626781459 0.02991949163498415 0.0021963652483394758
9.767741083338745 14.532844198121088 -0.015183277411098421 -0.025874081376111278
7.559564840959501 17.403861072729395 0.005314152824583045 -0.029525578398347695
18.834206722421687 2.1168290339638496 0.0010915516252098028 0.029980135340746908
18.45070014192548 6.8372237816228125 -0.029814268222230822 -0.003333078212835291
18.312611994392398 13.511824142720986 -0.02886178505803785 -0.008185191705978733
15.452970594185278 6.823736499035031 0.003697211116221788 -0.029771305479640728
19.377108982151412 7.039974482902567 -0.009824003684513367 0.02834588068144413
7.9914633802787165 3.5634511300650495 -0.016267012089168215 -0.02520683077443206
15.570124617464502 15.173260880354547 -0.028394273920767626 -0.009683243697873942
0.32867954139936595 1.1164791832780585 -0.024216848219973157 -0.017707181093860845
5.712581957102472 19.5252532345143 0.017656086513303478 0.024254125608538086
2.459900143910747 2.746854676166808 0.02820159363529546 0.010230841433120872
13.064924611537698 18.61308189322988 0.021037267071053734 0.021387692586652685
7.907824675123701 8.20260807365797 0.022438498846637688 -0.019912653502470214
17.858880735944062 3.021584466938678 -1.7595775059723638E-4 -0.029999483976728747
2.5124685189284857 12.740812507007824 -0.029906871051388166 -0.00236200421583883
6.979226066447641 19.681426448612754 0.013135275296853806 -0.026971550620530926
10.603341799769137 19.303644074043746 -0.029996822548558524 4.3661996093946457E-4
6.19383013660398 1.6981164529775405 -0.026449936182030172 -0.014156301634485299
10.01394149335373 14.831981931121863 0.004526251565915096 0.02965658521748671
9.975429324190895 4.511858566899027 -0.022385832994476343 -0.01997184220705277
3.7887361899409977 1.458070319283753 0.016271103451035933 0.025204189978765168
1.8837587530179922 19.78930178441367 -0.010746651618277935 -0.028009096361635163
2.362786807184396 16.627277896227074 -0.013649665981992187 0.02671491378574981
17.123297457567222 11.695087303634876 0.029418579846244745 0.005877683202599683
18.374014249366226 8.627320771054661 0.02306360797144718 -0.019185150177660794
7.888841767036842 17.098816967073102 0.02496876422265958 -0.01663011765422106
19.69567081247054 8.305480683523212 -0.02589978465588494 -0.015139390832486858
3.2748291839723653 2.5643524914382287 0.029729156320202437 -0.004022097026299521
2.036799017802653 18.871659546568978 -0.01844245144017961 0.023661698689583066
7.85871655202784 2.0533225623454787 0.009361970859769225 -0.028501815760067495
17.524186256562132 15.746530475331706 -0.01811900146247908 -0.02391028619658663
7.765122396116619 15.251048903905158 -0.02879000420754389 -0.008434195736974874
11.710562784295835 11.735964813844209 -0.02541256521573536 -0.01594369872883946
18.45485299313545 17.075959868057218 -0.012662558268195007 -0.02719668395419865
19.798309497722503 10.89923041968905 0.018805327593220015 -0.023374337511717372
5.227686001395111 13.735561001435885 0.010337618188320406 -0.02816262860942684
19.560806324677177 11.020583654146982 0.01414285309064457 -0.02645712959594153
13.23384371712419 13.80338802333946 0.022876008488674084 0.019408457837399425
9.207505587846986 0.47073053373904994 -8.064451685582419E-4 -0.029989158810978828
8.597801853510417 18.05969350278541 0.029965585042069486 0.001436562942060445
3.6839305362207475 13.522592905823652 0.02021120613877441 0.022169960451384828
3.1984225619963436 7.7990694675174455 0.029994591697904846 5.696216954941009E-4
12.721793984060008 9.118823953100012 -0.02192870338762392 0.020472712759612762
2.037704956998694 16.183485856152743 -0.0011382994263201137 0.029978396795293093
13.142444941969536 4.117942748670833 0.022157829291332122 0.02022450496541718
10.47067894954576 3.9194238029997064 -0.022631675435565397 -0.0196928227275631
0.9415039106443457 2.8007391496018896 0.0045069655900401495 0.029659522268070906
17.552505150912378 11.660599902443447 0.028232707641032903 0.010144664570894512
4.704069675819847 1.7151247321866192 -0.029880997925801997 -0.0026694499355141947
17.264592279191014 14.368370041084376 0.010066265156917826 0.028260755577135976
19.765849928226725 1.7797749843119037 -0.005538177246670724 -0.02948437879258199
9.475920410321098 14.372887810389782 4.2312430070602885E-4 -0.02999701594869316
5.78118601690198 9.146163398083749 -0.018983171617566668 0.02323013549977725
12.432666124988996 11.729685511129013 -0.0048586622258699535 0.02960394232825933
12.206870410378613 11.013773908575022 -0.017555705962914708 -0.02432688200620213
5.790061439900123 14.006142975471459 0.02223639969066476 0.020138086522731104
4.571008994740398 12.970876425014692 -0.02873340058221047 0.008625061795849745
12.334102254081722 8.895518341022239 0.023242398915954757 -0.018968154697587877
6.866664576467352 8.247090883117401 -0.027764517192160033 0.011363607925577592
4.403656159314551 7.765449649137417 0.025019339795706093 -0.016553931139973894
4.275746947447924 16.45552107457457 8.18856119477534E-4 0.029988822495316383
1.6195999224649937 16.813292515816084 -0.009589161061112992 0.028426184938257795
7.662284869403573 17.10037019642407 -0.0040589266479936405 -0.02972415035734759
16.04825751944486 5.019947203315578 -0.023431823846412965 0.01873364970395979
3.535931722056238 10.647081461387488 -0.02808798545949623 -0.010538741520083337
