0
2.7870009308130017 12.797329599436626 8.634196269327062E-5 -0.029999875750834005
12.838066131826526 4.88184049255109 -0.013745200712167312 -0.02666588564781292
3.4102903343166036 2.3961126813459566 0.005485046510446438 -0.029494309023576724
14.055454574731868 3.686365465347863 -0.025224337568586944 -0.016239852038302974
17.164510126670816 9.309276440256227 0.002471783348058397 0.029897998044689567
10.233667389094812 15.541394937874646 0.0021297310537488814 -0.029924308607530058
8.658855446124482 13.412217129452884 -0.011379370120246646 -0.027758060733171504
13.258100443811236 15.755972267044294 0.004453576082153388 -0.029667586017073772
19.2479660018311 12.533389602739653 0.023212830630690642 0.019004328299386697
8.449007010169375 19.117103390584123 0.007139968540801636 0.02913796233844026
8.258646037148285 6.2359241699904455 -0.025893556138626227 0.01515004127043263
15.099932009464549 12.824363021737685 0.028614291456229256 0.009012342895050396
1.5143364025717498 7.480687727322676 -0.029052696327486086 -0.007479360674741963
7.548709706372982 13.083157688845194 0.0291654505711317 -0.007026840896368272
11.063887800913097 3.1276147614709804 0.029973312820470388 -0.0012651160287599566
19.54259504014009 14.938087889579318 -0.02706403815739395 -0.01294364085623223
16.031700764367603 2.250116689616146 0.019260349219800056 0.02300084667857571
17.741755390368933 0.20839017890992517 -0.029682592633010266 0.0043524354771512135
16.83394194138804 14.429873156781461 -0.029112962492939966 -0.0072412302051979155
6.568031536650625 14.946047018728075 -0.026019589898045058 0.0149325463849121
11.873010066006188 11.945313792733597 -0.01594023197267812 -0.025414739909296928
8.690004239647418 2.021496331671031 0.029354810608153568 -0.006188303011281417
10.139800388789313 15.632952675289193 -0.011197952055994788 0.027831742125703197
2.8698640113869045 17.287099485420335 0.02037928321945863 -0.02201555848624086
17.51834340836833 16.940374027787072 -0.0032964008604868104 0.029818345718147773
5.498790521102459 19.997301356978944 -0.022058227356594243 -0.020333091400099427
16.285146064809485 13.244500026144896 -0.025229817907484877 -0.016231336616408253
12.919417825740695 15.1868939446892 0.02025571676864901 -0.02212930044507217
3.298764893573747 12.007680059893564 0.012424513551508094 -0.02730625318509282
9.7678869953198 2.6226359174429703 0.011490461037141774 0.027712259113142085
4.343898826904491 16.10356173949392 0.029657396614276056 0.004520931990588562
2.4428777040577887 3.53380346182407 0.02622565597357331 -0.014567599965532366
1.3762864999501212 9.168517749567071 -0.02416792515828261 0.017773896408600182
6.991284963567567 12.066802228612357 0.016676776196262504 0.02493762490093578
2.0450881206789706 19.814038696426937 -0.003866496891911591 0.02974979330659018
4.9437384388907635 7.457778132220135 0.015853268555832037 0.02546907685992304
2.5708493153419187 17.84984169097925 -0.0038551419711897617 0.029751266870201864
8.879408318632127 19.123008823049485 0.02760215006886539 -0.011752502353789778
16.23979025292492 7.382917103612064 0.002814440307113959 -0.029867690331823318
18.87735740993891 18.764825394048387 -0.005019037261679205 -0.02957717472927182
10.536644719470283 1.0282340834350245 -0.02703828114803018 -0.012997359445674947
10.837514171184036 9.403559556164616 -0.019282165902816457 0.02298256030333136
11.063778520367517 8.933761500699768 0.029167478136507552 0.00701841999002296
14.432080640402932 13.883729031269045 0.01907637451305238 -0.023153659223495663
14.356497868528015 15.514731506002718 -0.029362646899139245 -0.006151013499941976
0.86921089477217 17.46300033980299 0.02882218611318411 -0.008323556190534013
3.6634412033320696 7.526105431618262 -0.02761141782922549 0.011730712061078332
14.594059840828134 17.860531204495363 -0.009681912064082027 -0.028394728010378668
0.5644504836861164 8.381869628713998 -0.028146717097121285 -0.010380863001437807
16.584166000534818 18.589813584186018 0.01804801086382854 0.0239639167053119
14.48142387122758 6.646539116405014 0.012564095687561429 0.027242310833587524
15.270550541391259 19.19020865862776 -0.002558979219375415 -0.02989066117292832
4.923072418890094 19.756942253394204 -0.016944496190677703 0.02475649508399985
11.774239529836407 0.448673359203815 0.006647848945126101 -0.029254163881450888
15.602368813525004 7.847445198253482 -0.029939024769443396 -0.0019117520379627732
3.7191169140103075 9.903878711344953 -0.029740050155371546 -0.003940738097867558
2.973456916532098 14.803130056249847 -0.01610903715151748 0.02530808017315872
3.1824278765006864 8.571672757475525 0.027613746634094296 -0.011725229073585123
16.538014876609935 4.294488014129976 0.010213690227290911 0.028207809768589654
3.3778459137542716 4.333766764994909 0.016339882109750264 0.025159655256768984
16.442240730678446 14.682812293758815 0.02906599097631191 -0.0074275277559195125
1.6241706046472393 10.888344318800572 0.02816575692006173 0.010329091785824869
12.084844562108676 17.644129575470718 0.02974262846321197 -0.003921230941851445
16.414311160507374 18.357098715588048 -0.02801276836879488 -0.010737076339313461
10.031413700456584 17.645024678646035 -0.015056169779391983 -0.025948251416504416
9.5307201703287 17.050694691061775 0.007481394222897935 0.029052172732544276
11.51636053323935 11.707579758456868 -0.02873533537559522 0.008618613627032241
12.908698254366584 8.673956965304875 -0.02938432149049869 0.006046623069368268
9.933073153526845 17.10169515784989 -0.02866566381565327 -0.008847582608144817
9.269426221139007 18.250890990261468 0.029011829507052767 0.0076363439323869
12.37597912742157 6.767772239665383 -0.02686544146266055 -0.013350957082410209
7.5591516454325225 18.80306804778337 -0.02976371928726342 -0.0037577937927703556
11.602701084298534 13.65492844765364 0.02693886827373794 0.013202173159377798
13.255961709227561 2.545634011479916 -0.005815374757252201 -0.029430960168379042
15.515446767998496 13.201088952516857 -0.028156810393254756 0.010353454905407216
11.145056476652426 14.983388807875341 -0.018799265533961194 -0.0233792133183223
19.890930222541478 2.510284573610826 0.006958708503121947 -0.02918178157632906
17.908649758438777 9.392661441394644 0.02697869408785398 0.013120596987713356
0.7775716019999512 2.215727564157084 0.021544592230331956 0.020876554927207695
4.706637119978931 1.0482573359477465 -9.826255109219404E-4 0.029983903133269447
19.575190708889938 16.558638673262518 0.023186602651202856 0.01903631943142457
18.90522748256823 15.171233888915703 -0.028085489160910037 -0.010545392292010985
14.850991174164621 15.05375579831685 0.029251777546792857 0.006658341411563786
19.496893919929633 16.5927917265017 0.0018711707518997678 -0.029941588468503717
8.649015532467484 18.631871698037898 0.028309169293554873 -0.00992929674794997
4.987522908529167 8.89986132696511 -0.01861764634988284 -0.02352409922591499
4.328587907741883 19.914058822057783 0.01305526585157615 0.027010369000527737
15.23457352954649 7.38412500561255 0.014847768623671093 -0.02606806028261267
0.4182088406096507 4.0353017473828645 -0.014288141098873627 -0.026378950394939493
11.71968878461952 4.18092951162071 -0.027074410255942562 -0.012921931329832704
17.88006885990456 18.138532166855367 -0.02862760741362645 -0.008969955059602032
13.034507030373362 10.967957953435665 0.02872532353024564 0.008651923952666028
13.519469215388447 16.432409277959653 0.0299605606499938 0.001537792423587464
5.140791520887675 19.593297929754577 -0.009767551216170857 0.028365382832591546
1.7031538926424261 17.8640376359104 -0.004153137698422131 0.029711133388983072
17.614322315735784 3.8038356540958507 -0.011047148081406801 0.02789194362656482
1.4184803598291307 16.505082845326424 -0.021575477232150135 -0.020844634374461237
18.162698988141006 5.3203461336229285 0.012073501368477967 -0.027463258450252416
2.0466871785486807 14.377795643757379 -0.02374655914406626 -0.018333055632309716
15.974182188581672 9.015449725107874 -0.029380716026804934 -0.006064117887396952
4.760879810105775 13.535254856125462 -0.016464186748826534 -0.025078487887027094
19.849384647326485 18.742347824910585 -0.015141658468264058 -0.025898459004937865
7.602931975176732 1.8240365273155956 -0.026787546186461442 0.013506567636087083
6.718857514560479 5.971172074848889 0.017510702874155695 -0.024359295655930518
1.1409244751158032 15.151454931057856 0.01656341951262023 0.025013059270088324
19.37390729114743 16.038460990217892 0.029546161967767937 0.005198491413325937
12.945182416298406 10.694897017177336 0.02981761404103495 0.0033030127005319577
15.539109915439923 14.413940987775767 -0.02467425835715912 -0.017064025742015373
17.41908314713085 9.956475644314276 0.012478949028310623 0.02728141915569689
12.484490093113706 10.535031506414418 0.018328887051927357 0.023749776829218618
1.940754449238662 19.69870242229063 0.007279922003010172 -0.02910331142035367
8.092001383084755 6.738521905147056 0.02707681104864235 0.012916899915851305
19.661180063099696 11.599983466692578 -0.027218314434930807 -0.01261599616840609
8.721272422852081 11.60330619883501 -0.01262292714111512 0.027215100778613686
17.19831277962086 9.13392522666542 0.00782340550772126 0.028961946175313506
1.6174147356274382 12.268067163039088 0.02664756789269593 -0.013780679424620575
5.088133040982559 1.0825810703799887 -0.024694875370122327 -0.01703417536759927
12.410473696820684 0.3510658720277382 0.0028986295106717755 0.029859637421774943
18.112396471814726 5.807279373077399 -0.029649567442807022 -0.004571996331411221
1.100720580150527 17.010813388390403 0.010965922336330619 -0.027923977999446375
9.116732647950359 6.675476446689082 -0.020870816567845032 0.021550151177923676
9.622851349534404 0.16908983737958794 -0.027064200793190614 -0.012943300793300774
15.946925079321977 16.819555090734685 0.024103990628433363 -0.017860504914038587
4.639182165637575 11.381659885926865 -0.01633448609689646 -0.025163158862716268
8.638305112154214 17.812562491700717 -0.028362955328742976 -0.009774597946705037
16.81850788015045 1.3847703059551741 -0.02741620224284782 0.012179977609965715
9.653353948685597 1.202954494063706 -0.010760162993651385 0.028003908519170236
15.892350696250128 16.752268260273627 -0.015001406990893446 -0.02597994973616333
10.123523751590353 0.6593843528506627 0.02856046712657303 -0.009181487761356608
14.810238095583045 19.841605910145994 0.0036916558463605774 0.029771994846029912
10.748068410470353 4.42886138478922 0.02636821095271138 0.01430795062730199
9.094351850712751 9.447244000788535 0.0033996740139417034 -0.02980674783667164
17.95802523596493 8.786113979563773 0.016227048419276798 -0.025232576158578147
3.9627881965301026 9.164700086803473 0.016138607444314435 0.025289233870529143
19.57751038341626 1.21510535631276 0.026854507650361462 0.013372936059694503
14.078629519081424 17.932856233868545 0.029871972989245085 0.002768615128509553
4.604909115162677 2.4693123490156133 0.01423222112972423 0.026409162836307988
13.20552757144811 5.788810244390794 -0.02978313514025332 0.003600675105783328
18.678428499872915 16.846970696627142 -0.02996059407482694 0.0015371410746723457
5.11335876460036 15.44866463798471 0.02568362176047695 -0.01550327621068382
9.756582599554907 4.619914710034882 -0.029193490318165104 -0.006909422772070052
16.471215489662782 4.516883605132492 0.0033267273840207946 0.02981497752661246
1.6945610341708939 6.38632507353921 0.019031215187759448 -0.023190792321031082
8.068409959084942 6.211320732006738 -0.01851297713585802 0.02360656005366301
0.5798484600293441 10.182534228933989 -0.017502882546342274 -0.02436491540245824
15.583682652997581 0.44343883911418747 0.029999900218490257 7.73749354004093E-5
18.43996063963458 4.678425243446977 0.020628466151975104 0.021782249291953697
5.532388069264038 8.573729256202496 -0.015442826683645532 0.02572001368621108
9.47451066860122 9.073834497879734 0.022629057103064707 0.01969583140225963
18.40241359913688 10.518540843468937 0.0037805012522007103 -0.029760843574773023
8.203072632160666 17.976094532341563 0.023741616637700712 -0.01833945581058644
18.9709325744651 13.151650358227418 0.011691821220587274 0.027627908291179504
9.457199100271378 0.32536849905903775 -0.024519990494552665 -0.017284966478042323
15.192172102442758 4.844542281871487 0.003963324478315301 -0.029737048593960813
14.26459592158437 10.286133802861507 -0.029980895717205275 0.0010704634482607874
0.8651298697930132 17.93373143030952 -0.0286489029177251 -0.008901705545049331
10.348511691232623 7.068954482980461 0.027281778922290684 0.012478162478316098
14.720959777253332 13.989151407439486 -0.02518560425840318 -0.01629985699750472
2.856051327597322 4.202980830749952 -0.0066742591741677975 0.029248149761583842
17.991526086797734 15.769874844386456 0.0036338827958894834 -0.02977910166250383
1.3829843030500921 8.350302086437903 -0.026624827764927597 0.013824563157219128
4.499763684803726 14.164808731849444 -0.016753901714197647 -0.024885875056967658
9.414891985577515 7.029786773068334 -0.022425854418476686 -0.019926892723184153
9.602900504725246 12.386733968002662 0.0178699541360601 -0.024096986101483905
7.67779299054723 4.4792625686641685 0.020810600711990597 -0.021608306227145536
6.862703863644713 7.06575269013798 -0.02898243946030445 0.007747141597375604
3.9958993521349195 8.397238381444849 0.02612914948849794 -0.01473999820243299
1.2416171678305532 5.208057134971032 -0.029440684482310273 0.005765942872857408
9.187519884670788 7.722734719416695 -0.028322264336618615 -0.009891882674531742
14.246338430951976 5.470556088574958 -0.008145497045918847 -0.028873012968426544
6.077509403955387 15.375609471599914 0.02739096773307221 0.012236620720027118
6.2650066232491035 14.761489013013263 0.029222695604068455 -0.00678484057527944
11.338697080710956 19.618911002026216 -0.011112980536271445 0.027865779436442327
3.062052338765713 9.409342269836312 7.21333388487443E-4 -0.029991326715279758
6.755626358150007 15.23568205795089 -0.029362538719513564 0.006151529886545837
12.884921315845713 11.332356620925577 -0.028633615253240808 -0.008950758489054174
16.47926710748814 0.03921233500914445 0.022376661892159887 0.019982117069118562
5.965607569980609 10.761262715247108 -0.02619119022468069 0.014629475541337447
13.446380891859253 4.549327856581666 -0.029850987160397018 0.002986396750234705
14.621228971300482 19.77886571457907 -0.004375351926351132 0.02967922329712446
4.5944966892611045 11.346900911071716 -0.029913943581060823 -0.0022706781870423572
7.113084213120402 16.589259311700726 -0.02716888171576355 0.012722101489724445
18.72319964913296 16.23071256545176 -0.022918431157657425 -0.01935834479679803
16.541689694691875 15.052042484602401 -0.026362996060537665 -0.014317557009213394
10.432287169855748 13.599035822677443 -0.02873339594038283 0.008625077259549127
14.152605085484906 13.335515398909049 -0.024341962697524394 0.01753478976299205
10.792458787016432 13.404220332886121 -0.014195158026608161 0.026429103060823345
18.50830467121757 19.967665058095648 -0.029945826906328004 -0.0018020685048692714
2.247232101233092 13.711077463467692 0.0035406792769928424 0.029790327125721085
14.236387837316045 5.192416540425791 -0.0132249622176879 0.02692768787587838
8.36590149671492 0.6453683319134518 0.016324272779533053 -0.025169785819895173
19.872889267284638 5.156326655213079 0.021352646878821966 -0.021072837285670252
4.814179510362213 12.851109137037708 -0.020596709944706693 -0.021812279556562182
19.247829818911615 10.530248535810712 0.015805902641760544 0.025498498812267106
17.316903071311675 9.176135638564544 0.023040318534329227 -0.019213113278088095
7.66227195295988 8.871691393576217 0.017309508599032995 -0.024502671529039496
6.178462354769485 12.053303590973199 0.011047664433713378 0.027891739109637183
7.723479182309605 10.20426306787741 0.015690726014244056 0.025569534941917205
10.511573437266282 3.0062738193606386 -0.02948815258747428 0.0055180482942643605
2.2661855832529243 1.465894889359105 -0.024860474886764922 -0.016791568967923477
3.801366850592498 6.137908469878677 -0.02053260290293435 0.021872636284417383
17.609912309733826 10.880148604818933 0.029999904391171797 -7.573982143502501E-5
5.58459791095971 7.797346152607265 0.004823204707655734 -0.02960973988990865
0.9885628270762759 15.844962193983609 -0.0035933943767496234 -0.029784014451600446
1.3258099390035527 0.49769311311922637 -0.02904629948238848 -0.007504164602365715
15.03068516150706 15.208351877831292 0.022452576957698065 -0.019896778331143103
18.183617680742174 3.3863691308179167 -0.004113444133171204 -0.029716654881787746
0.545613450145781 11.096011287470791 -0.024861603248567975 0.01678989826981671
2.128615009109749 4.158445305691263 0.021598039084262714 0.020821256151218645
19.648684318923305 18.74409955635358 0.011209488129607594 0.02782709787010112
0.334860328696327 4.441117066448992 -0.02303112943371104 0.019224127470646068
14.691714660974446 11.731923940935582 0.027306636417918712 -0.01242367125851274
0.1421685867255329 5.74377194926374 4.254566999910149E-4 -0.029996982958231527
6.994366700184768 0.9513810760273711 0.02739109337132359 0.012236339482191261
15.086635971745718 1.629282915145247 0.028422768513772362 0.009599282786360155
12.62679784433136 9.628067161140718 0.023455579475348102 -0.018703897761579772
2.1196520500240523 6.572099835691054 0.01550984512063971 0.02567965545590066
12.29052101007082 4.445545712903758 0.02806091127585458 -0.010610620074652435
9.466224365443953 7.968857631026478 0.020757271013368012 0.02165954062480532
7.686575866875243 9.729556414905245 -0.019262366131626 -0.022999157615251637
8.584455451751545 7.08645018974464 -0.029941234402385226 0.0018768277655190528
8.839351861859582 2.8205959696600336 -0.025287744179357752 -0.016140941556159544
8.0395767805425 11.687238064639287 0.028573552171016578 -0.009140684675132038
4.039611334083794 3.986456863749661 0.026334392748428713 0.014370099462825758
13.145768391344038 19.16519502133405 0.028264811093011967 -0.010054872146195971
6.947835671777192 2.97364289121949 0.018580222387223275 -0.02355366926916753
18.99217224248452 17.9517422233738 -0.012102268206187908 0.027450593878193114
1.7128791962018175 10.728233138406182 -0.02588276858762169 -0.015168463674335109
11.678776518445325 7.584672374151491 -0.0058388068626996446 0.02942632043630483
16.652458058413664 12.780411398769907 0.019530722959529217 -0.022771711852166896
3.653267140683585 7.244351462571914 0.02785265141013388 0.01114584269696855
7.2401355863961925 18.817645091872013 -0.003403211778035325 -0.029806344116544075
4.059267651884211 9.002194189807042 0.023768981687957262 0.01830397523811569
19.164597998746945 9.29207836554644 0.010672932518861315 -0.0280372700427098
8.764685599794348 7.9386652093884535 0.024206172931084926 0.01772177169558426
18.575060978030763 7.428220100272471 -0.02999987569422086 -8.636163092789062E-5
1.7088845961616794 16.300626214241404 0.029052935078928775 0.00747843321154571
17.992977676914254 6.315144512900865 0.010590539644956255 0.028068496041444933
18.54920463033046 14.797212656177642 -0.0024165910372521164 0.02990250972341072
8.633804140307133 13.168311697125688 -0.017229577681264804 0.02455894242277671
4.148649712912262 9.983390515341885 0.013359776141891773 -0.026861056968007408
11.109755666195674 3.302431127057135 -0.02981742638258154 -0.003304706328757562
10.762495921166087 3.6424088530916454 0.013243266805167329 -0.02691869024167322
1.9291999453668418 6.528681850627665 -0.026867745920623423 0.013346318936127043
17.074802471352243 6.531382026903083 6.055961629754501E-4 -0.029993886931963143
0.31200004045822904 19.924721736824793 0.01685888860299582 0.02481487205431004
17.416484472834746 15.364613590108906 0.02990975767139787 -0.0023251658087663557
3.2316054921729997 19.25943985705806 0.02963705383855132 -0.0046524229999872655
13.162394134181575 16.230963669242986 -0.029782696376331665 0.0036043025060669555
13.090426489712668 2.5089469493702032 0.0016934518224860015 0.02995216554649962
16.740907072760795 9.71590091500297 -0.02452588893221748 -0.017276596079220358
16.038945493206608 13.286073071339395 -0.01834847941699364 -0.02373464352132049
4.868487142835283 19.95483968742739 0.022452451279612436 -0.019896920152039355
15.852448655341671 9.720242519105557 0.029066948077887914 0.007423781343585506
18.20373621058472 0.9983001197677988 0.02693241141388747 0.013215340155785018
1.861211307709718 0.15322902537290517 -0.004649936553325447 0.029637444053933662
5.948223761405426 5.725286446603524 0.0029278271298826234 -0.02985678864676379
5.256746418619567 5.431604036647768 -0.010446808311394721 0.028122307801902995
7.040065340424904 3.790433888383913 0.023636026213528855 0.01847534207622085
18.922323466278876 7.738789330913674 -0.004615985916434202 0.029642750783611175
5.213412332330081 11.611856709592924 -0.011176242097581484 0.02784046717596972
16.70170412868691 6.6662664385253105 -0.005737137810092491 -0.02944631130970409
8.742943288543813 17.266626827264762 0.008883384123470292 -0.028654589274928997
0.854918790014294 8.109705215612502 -0.029157605626299113 0.007059322498739544
2.254720986154788 1.613343092543058 -0.010052988168677317 -0.028265481224993037
5.670239611885353 13.81434868154576 -0.0291798727400563 0.006966708467714096
17.348550041426773 1.4477211748658259 0.01593693993929008 -0.02541680438944795
12.31127784653324 6.894954979613903 0.008421540874555392 -0.028793708502000793
0.4149361060494261 15.646432623697224 0.016577181499456032 -0.02500394076009005
18.668690367722732 9.016710881504583 -0.02951382710214367 -0.005379034279940007
4.102027005038913 7.882986306447659 0.029433545751847603 -0.005802274077798624
9.136268889145798 10.429900054821793 0.028602966508725035 0.009048221200918654
17.242174558085374 3.611148543441385 0.005262734023197096 0.02953478678780471
15.907588543069407 6.675367917822179 8.582819580843051E-5 0.02999987722509551
5.219163225191421 0.7976694497858006 -0.009665567294225286 0.028400295929458242
15.845836289252912 12.180215784282606 0.029131420354369636 0.007166613435718319
16.968342869391204 16.72582609026276 -0.018076961073333224 -0.02394208592318546
17.657300256303074 17.491222438272235 0.029988866712406966 -8.172351592346751E-4
18.963059672561645 2.6508898203917908 0.01463587525444121 0.026187614544597896
12.627223571023382 14.58248174113323 -0.029695186931681092 -0.004265662093100719
13.249525983208681 6.9220310510593075 -0.01789051531657859 0.02408172464146343
0.3716818572470393 4.246277849819984 0.019244749879196582 -0.023013900192865245
3.133790495606872 0.33373491915391407 0.025030849691840235 -0.016536522116349057
17.924768457687634 6.442423944405656 -0.025505076951597462 0.015795285679375725
13.471418672907213 17.06247738735087 0.022489998448643474 0.01985446976829183
7.208032310383836 3.7389007372547622 -0.02990851181539831 -0.0023411366872055257
14.322991873407641 14.897571540875523 -0.02860039147960463 -0.009056357281675607
0.8977747090686217 9.41070621255542 -0.02149555924676204 0.020927038315751777
18.364297431426234 11.092665169847063 0.029617017437220172 -0.0047783133136491
0.48181122086678574 4.8471073096166535 0.00752166237740819 0.029041773277131033
9.914210724422613 8.737745549795868 -0.02748823355352417 -0.012016530951439688
0.6346133331655168 9.810074595235108 -0.023404649365113495 0.018767588766170584
12.488448048508927 13.959613156247666 0.029987637071992493 8.611752658207851E-4
10.879716147170825 7.636257087939054 -0.006947142596463786 0.029184537168582925
2.813760888091139 19.567994018290147 0.005843200027641633 -0.02942544839823123
5.979860216757555 4.216563763288637 0.019662086121250293 0.022658384085378562
2.342373316285604 6.2287159362032725 0.013687205061740603 -0.02669570035788277
9.91489354638926 2.7439425600468947 0.01549015959943977 0.025691534706667175
17.275724751162684 10.306058315698978 0.005511279379601572 0.029489418434414376
1.17895085807888 8.701383078638214 -0.027724374715520465 -0.011461197434535775
19.412498019610883 7.802408576652489 0.02389302547942214 -0.018141756624971146
8.14320050483267 3.9662680252265714 0.01503643235117192 0.025959693799207848
1.9386632442088891 8.151130220752549 0.02885939304755945 0.008193621478105833
8.267458643405215 12.51900208083745 -0.0060496628969737825 0.029383695799422144
5.424509572562015 8.991986435391631 -0.0032643124058261697 0.029821875603609663
2.0695929619007503 0.036116717704044454 0.015392655075198318 0.025750071256910558
13.320486352503497 14.668933989140442 0.011701576021508646 -0.027623778137916867
17.229793343644925 17.280869091034408 -0.006586500145420916 -0.029268037444187645
16.37287020260239 5.416578342703266 -0.006790438797316463 0.02922139525997859
17.45887911429432 4.02541610931102 0.01486394077395436 0.026058842350886905
9.521858016655944 1.6103933833699324 0.016324051267717427 0.02516992948359079
9.424744556870568 12.28309185053514 0.0027069292295532764 0.02987762597908659
0.5964444337518104 5.80092526354143 0.014164756481724359 -0.026445409314537895
5.925220546679122 10.619813041393693 -0.010163977848892931 -0.028225760473142503
9.767399765086068 4.474993006196151 -0.0275956120604988 0.01176784580993706
8.622970062685326 15.66032670728665 0.01071939440836627 -0.02801953931666054
4.2345936468939875 8.716279210561542 0.019372112272998374 -0.02290679519449077
5.209931587272017 2.7055767329930203 0.011239666452567002 -0.027814922218748695
0.667880995646688 7.490095221831612 -1.0596851286491037E-4 0.02999981284398756
17.2241739983537 19.417019029994005 0.0074311927863082465 -0.029065054167723828
14.839492632697013 5.65638682549719 -0.013663343459016031 -0.02670792102581112
11.46728098749871 19.274959650669018 -0.011641127462365307 0.027649306526655676
4.715469279886961 19.71264134270826 -0.016807987669182727 -0.024849377266092633
12.81938180043009 14.141053691477925 0.008570988460461105 -0.028749576637067936
10.736833519476583 3.5631884853458407 0.005803180742806334 -0.02943336700525989
14.16314761851961 6.597639565173516 -0.02490867579337765 -0.016719984157301176
10.52804514512874 12.369803006219072 -0.02797605739066454 -0.010832368756382141
12.236374435357684 16.33377098317756 -0.016842092949034403 -0.024826274490871273
19.91848743969577 10.01450291309447 -0.028910842465039055 0.008010192754340825
10.851549392058251 3.9222915254438795 0.007135404151857302 0.029139080417708064
17.73746772531495 2.3403291852518238 -0.004132702618483819 0.0297139827197092
16.55399744248525 17.794215964195395 -0.02318418395369196 -0.019039265069885764
7.817091708506654 8.758643751333482 0.02997903599418983 0.0011213388689734153
10.129217775923184 3.6637268097065356 0.010765481851069816 0.028001864232837896
12.170600464497344 5.838469939733207 -0.0013765580691994198 0.02996840149027175
11.293720269904417 2.3743962552719133 0.02992445428194196 0.0021276832301744294
8.25395648463135 12.128553885267113 0.00779993882209457 0.028968274963683663
6.478541304842434 14.097451539860323 -0.029738159342773345 -0.003954981530149335
19.100805333844253 9.897524925679274 0.02994960966231533 -0.0017380682020416002
11.094473992329746 10.676220786264635 0.012478145029915906 -0.027281786902847566
6.168069832495522 10.090711640486571 0.029999702920704426 1.33509061408893E-4
10.494362007634525 0.024899441550401136 0.003908001691531252 0.02974436959794221
3.85152495090759 17.160220812124052 -0.026029613977631254 0.014915066080158803
7.649461026507762 17.88971218159817 0.004999207011923148 0.029580532944014692
14.425396522532578 3.2817075803178386 0.0034294356543829695 0.029803338254169563
2.15026735743975 3.6890089146038885 0.013344439611882168 -0.0268686793766428
19.912467746502294 11.768275757445014 0.0024216611255115615 -0.029902099548245537
3.5312662860281474 3.9759770617538304 3.34246349023734E-4 -0.029998137931847774
0.07407803118508527 9.35806364165336 -0.018208637584721694 0.023842095489034945
3.2951694541255616 14.411205105736155 -0.006640729392529121 -0.029255780849862814
4.98283184503266 10.803659772929734 -0.029664397789439526 0.004474762987007833
12.754284916121064 18.777335194359857 0.02162646429888736 0.020791730133131067
7.852529661831332 8.33250072170072 0.01591841948456528 0.025428407758123835
18.481128893104703 0.9872681819479157 -0.02556732939895889 -0.015694319590384684
14.984902414848607 6.769232782928918 0.0073542137211092306 -0.02908462722030744
1.5211076475130003 17.390911998853678 0.02402438637832136 0.017967438858811434
0.5738580875370491 3.2925361332321956 0.020158992635755744 0.02221744845637198
10.508525909760776 5.820966440684527 -0.029382520208024024 0.006055370032050874
5.0952557678570765 12.006576978903505 0.015763139671873056 -0.02552495695755473
9.572185645620472 3.2709036991305407 -0.029999908613477667 -7.404851780012737E-5
7.201412026182814 17.994940931425425 -0.021492362849763896 -0.02093032104708594
18.734846742645136 4.090745110569336 -0.029970742929751243 0.0013246011621487355
15.219729456331867 5.73401265501902 -0.02748694450188232 0.012019479271184802
13.90573564973886 8.02862625674309 -0.007684268493219721 0.028999172707580997
19.99669576325614 12.302240869731929 0.029496699773129943 0.005472175298163961
14.228507439152889 14.936163064355302 0.018865890743450447 0.02332548319877191
15.092201292225427 18.54793541486196 -0.029565302978747474 0.005088502704614159
12.357514125959785 17.778381050862656 -0.0033207005039017834 -0.02981564938356008
12.062272153707811 10.275103665396998 0.010706932602273983 0.028024303635422635
16.259286494968453 14.71718015121964 0.01842726810140723 -0.023673525092787924
11.306145642837244 7.7657717250213265 -0.02894063873668604 -0.007901862407852183
14.627736327446367 6.131055177918753 0.02114327228370945 0.021282904809657065
15.918701179075596 3.9571151749565936 -0.023830865549622396 -0.018223332493147913
9.40210770121374 4.840798385168272 -0.014189293721518123 -0.026432251960143056
15.091826540513583 19.899003466462432 -0.019258385509598932 -0.023002490899110682
12.815082799546682 13.566298815567869 -0.01612435589747234 -0.025298323005520523
12.445949657487825 18.486096075324884 -0.02748959478113535 -0.012013416615142259
19.691057389194746 8.465974343955452 -0.021719215471628004 -0.020694822523930824
15.530904581856772 3.829869935563348 0.025115350881495774 -0.016407899015393454
2.3653799637571526 1.9180180850870454 -0.029784378598283798 -0.0035903748431178896
7.586129589028006 1.1387722607952977 0.011174479349550858 0.02784117474652356
11.795680913432694 11.589118334259531 0.0015853463413534033 0.029958081997650605
18.15413507034162 9.925515885247089 0.024437502778726125 0.017401392413820018
17.565206773173443 11.086827400415235 0.01675052084003073 0.02488815082700392
1.6458169646019338 8.26326643285179 0.01818939899809146 0.02385677606233142
17.101766798122032 4.578909754350525 -0.018433957269071384 -0.023668316784301546
13.496741621083324 6.3584967052690295 0.023274734598186356 -0.018928463471290714
13.3083317801159 12.847024583200836 -0.01097913204694424 0.027918786855731428
2.8526182506859254 9.776536006962019 -0.0016434627346021626 0.029954950012309717
14.863971138538359 0.17055604467688612 0.022821161093186396 0.01947291982109605
14.189955047194756 4.3127333438218285 -0.02826404364194933 0.01005702923362478
6.835545751761732 13.744538559734158 0.029878028278731508 0.0027024851850325137
3.012050634222727 11.001533951756713 -0.02919746529255813 0.006892606218975756
5.257796850127199 3.246038634335495 0.007219097819009132 0.029118458521693376
2.5461219165009386 8.539132914627867 -0.027070251420127894 0.012930641440047111
9.496100369999192 5.586219100681628 -0.02830899581877962 0.00992979132370453
18.677213677746323 6.091533584676434 -0.013017004730482127 0.027028828828615677
14.193605802762495 6.418283730181322 0.02383767871364278 -0.018214419385342524
3.3486746445348192 18.88527890017063 -0.026448639013037845 0.014158725025863465
9.301633492451947 17.899746114610405 0.027283180667951906 0.012475097299816754
1
6.185133730955689 6.136708554174303 0.022367849815072175 0.019991980758553553
15.165480539927938 3.5036151470045818 0.029654897565666024 0.004537295490692131
18.687185708201728 1.9587288394280211 0.027343223032278388 -0.012342939447598395
10.14110944108155 11.997329779188934 0.026619666556637125 0.013834498632529293
3.2300666160709968 8.270714613411238 -0.017555818136565787 -0.024326801054717975
3.1929266610591767 10.408240573851844 0.02190685375024844 0.020496091304568927
13.18161401137306 9.993623208101212 -0.015419331483981067 0.025734106096523154
12.997958625285094 10.905289840596984 -0.011383726470864832 -0.02775627445527464
13.335460075276108 9.692684208370132 0.013065246173758588 0.027005542809191718
10.073555349183263 19.77093969493241 0.022223475754200785 0.020152347888086137
18.818767008827926 6.275468117862739 0.013251615984255874 -0.026914581063167492
18.358262709824153 3.4255075653373313 -0.0105692110291465 0.02807653429861613
12.652665602289941 2.492685283869891 -0.024691438196057156 0.017039157250588705
8.700033585300782 11.895516240032919 0.015002806372232806 0.025979141651665295
18.877910049455757 3.1390969418343695 0.029164334908353184 -0.007031469928358631
17.221481324833515 13.973643347798513 0.027520342857997676 0.011942810765404275
0.9559184199808035 11.516375533025547 0.0023259766347651953 0.029909694627236274
17.104767107998033 0.07299818500205557 -0.025393830714303078 0.015973520640526238
10.051356023578986 9.589995064482505 -0.009746305219064716 -0.028372689942563287
0.7228775293985845 12.59292414692048 -0.013830557302340394 -0.026621714533565995
0.5194880852075467 18.227214364402887 0.028285582610703713 -0.009996290130496202
0.18091394376902548 3.3349604589495896 0.027682760088564008 -0.011561349137492889
10.86977779974454 1.009300930628172 -0.029182515046994498 -0.006955631929015498
15.34945340431872 11.671217315350194 0.02717556539375328 -0.012707818283633078
7.754328715613267 8.622270417724048 -0.02989808444594702 -0.002470738040145222
18.68849749894909 13.995763438066833 0.02088529448306026 -0.02153612022523678
2.9208882122048774 3.187979440415698 -0.021049850485126673 0.02137530805751843
2.0788623103175286 17.39299834477683 -0.025973590352947353 -0.015012415001500596
3.047943694408899 12.730304739432928 -0.027065925917170882 0.012939692973413916
11.189540249531525 1.032897850494583 0.011940424177005651 -0.02752137842611047
19.104043008771175 7.095795302670136 -0.004780078552452343 -0.029616732585354265
3.493422889305582 14.836738755538398 -0.023026851751054952 -0.019229251114771407
4.192608066744681 7.06848072255667 -0.004060448372728827 -0.02972394252134807
14.966294044174443 3.4210397353424282 -0.029995526276320957 -5.180766415685138E-4
10.292228374774481 19.325894949948953 -0.010721098122569878 0.028018887469816296
3.0190143577660566 5.882143891749094 -0.004220502143661204 0.029701639039880462
8.103479248574521 9.656690526340936 0.028084226422542415 -0.010548754724960209
16.761800352360318 19.97682007564029 0.006551152482052978 -0.02927596968773009
8.276797306584886 6.065935898954358 -0.014037126051451786 -0.026513375722748953
14.911291983615662 8.720573646270486 -0.026573170577953817 -0.013923598867928133
4.219540479220352 9.786160081247978 -0.013312373077995775 -0.026884581511198075
13.342173443945827 14.087723521304781 -0.02398898412610543 -0.01801467847610558
18.749226562164175 5.731885125855127 0.020152576023130597 0.022223268878181306
12.459310651807993 6.765889583420657 0.028765703403794488 0.008516707561313012
1.0467312637717097 1.711643137582064 0.007579474919760506 -0.02902673870659123
15.415144490910535 2.889934332968309 0.006292284254620357 -0.029332697776697194
3.3280736961158586 7.0607382132954015 -0.02939266260763004 -0.006005945790133869
5.0993108256534025 3.1418731601059924 0.022258162691008263 -0.02011402977079948
4.744021890777925 12.784166549383439 -0.015877776754144795 -0.025453805321514096
6.349578448370467 11.026355145514188 0.028757202608647787 0.008545367056199559
4.268222388694158 15.493592128502042 -0.011059286456890687 0.027887132930160357
12.729068641495884 14.676268755394577 0.014500324657839713 -0.026262912725309916
5.469587954638582 12.263959894540296 -0.009058221297306731 -0.02859980116939659
9.425815118943312 19.05743477533974 -0.02035081880980335 -0.022041873191055116
9.4933992991026 1.0906393543701198 0.0280333002421678 0.010683355162704024
17.485872818544138 6.460417832102603 0.017149475133722315 0.02461494470109246
3.3956642709017215 17.150842251383597 0.0014955830897576297 0.029962697328872627
4.0068545112824445 5.913834216106242 -0.02982031763374669 -0.0032785143315922968
8.971870822567302 16.004823164211142 0.01780327511142456 0.024146291543566907
19.598848834000954 4.537338161506661 -0.012432039990230325 0.02730282735691148
1.8670460416942114 15.8420067879735 0.029319210015231436 0.006354834701449956
2.0555472495783 13.471384059837636 0.02054265235562515 0.021863198169433686
16.20911188253594 8.70103873297406 0.01549447170344791 0.02568893432260381
4.648997061521505 10.1600346792826 0.02989700445310407 0.0024837722784255786
10.119622682727325 9.274791791119378 0.029702034814431594 -0.004217715955620238
11.833134007561759 9.395179854869362 0.027123089453105494 -0.01281943908752788
0.7601664785729301 5.642930792957344 -0.013029444265651235 -0.02702283445770055
4.667982955314147 14.31570875361188 0.004287632011738638 0.029692022695193974
12.29173285135278 2.434695101033617 -0.007029219938071251 0.0291648772852248
15.399599121883751 11.841069668853825 0.014843813455239658 0.02607031265838686
19.168309776754356 19.07948543718621 -0.02844463533514982 -0.009534291827416774
4.979362622881885 15.840458484729359 0.021276085843730523 0.021150134069792787
13.152530731988518 6.706525470337841 0.025377952290961788 0.015998735497459397
10.696490835674306 6.419204105312781 -0.02992068367810616 0.0021800661078764114
2.6155381476057693 11.84877899965857 0.020887020935304607 0.021534445812422174
12.533585903577906 0.45295931518332777 -0.02895123581586173 0.007862947585630012
4.037970528213259 15.51926423477184 -0.029439444155207578 0.005772272328330877
17.5279998907082 12.015711635627056 0.026371185547915132 -0.014302467367466076
19.82431261943505 6.776393743686803 0.007263856527910959 -0.029107325338167456
19.71077735072287 1.414518368595683 0.005800038175766026 0.029433986429969975
4.926409934948421 12.08284714264173 0.002192722097682384 0.02991975885267686
19.666245885101965 17.634976654400937 0.022305489765904733 0.020061533498292677
3.3788928226367054 9.281175620482989 0.029996695968719074 4.4523135585069904E-4
10.162947639563624 15.276813810235218 0.014539530674630648 0.026241228015500235
10.402251505098095 18.737744342637452 0.02012090127776783 0.02225195119018377
12.591885021909475 17.366404938556162 -0.02997581529782341 0.0012043659040241197
6.638503877720014 17.211158155189004 -0.028633648249144605 0.008950652933962862
0.2399526673059449 8.307521306068384 0.007264040053356358 -0.02910727953799933
18.447435599086262 2.535864817132749 0.016192023300976365 -0.025255066450529058
8.04129975051266 14.895958209066379 0.008351793970360358 0.028814016337134474
6.793479614581026 1.7176386770857088 0.029889877148204746 0.002568120726373232
10.891161000180237 0.687949078472414 0.027973657553033614 0.010838564623860729
11.567013226283223 11.14397841544913 0.01789946769395803 0.024075071262053466
12.566792831851512 12.674160531608221 -0.02608034042891859 -0.014826187747081667
7.369438394174315 17.135543302753103 0.00820375747257973 0.0288565133606105
0.6574597416912908 16.455704326839317 -0.015027538789986179 0.025964843113630797
9.696431752027463 7.008490577428407 -0.022653261473063298 -0.019667987813526477
7.726364380654496 3.9186701083527975 0.024641330900432065 -0.017111540300493458
0.6134532647356727 16.373379147353887 -0.016607179504682264 0.024984026675043024
0.46587397993662627 17.41931418521276 -0.019657602041646682 0.022662274421872314
3.6545694974755993 15.943074294103523 -0.029994001937918048 -5.998731100559518E-4
14.304801048963435 8.070926337994404 0.029960072034526487 0.0015472826781114744
6.700078905270159 11.226225020327265 0.028430722889684647 -0.009575698197518625
15.411742211775323 18.90064121223046 -0.011954070373395586 0.027515453867016367
6.597965642547869 8.898312847545588 -0.005472950013350347 0.02949655603882203
2.127971682951555 12.142784813869183 -0.025845041516524 0.01523265666287896
12.574009286358862 4.310369066676564 0.02999719941598928 4.099112066926091E-4
17.561033046067834 14.164835060530557 -0.020766384855596787 0.021650802757155224
8.998091375363764 12.645163420279319 -0.008382305852795677 -0.028805154896132522
10.567374005010713 1.5804603700721742 0.00820390591254187 0.028856471159484497
8.500046715244853 10.978356589178919 -0.02167529017971584 0.020740824371878613
7.02806040334398 12.7764627585362 0.004245112636316527 0.029698131569258455
10.10492612105713 16.451711891697435 -0.023011581041598426 -0.019247522904673936
12.742130622773878 4.839503518302237 0.029873427343747906 0.0027528782642563337
5.0199640345643175 5.608373166981369 -0.0039044052292968477 0.029744841902512097
6.181496346492934 5.874377838551945 -0.029055780547066378 0.007467370139528301
5.676497205471773 7.555341421761539 -0.02597005270465264 -0.015018533966987727
8.710799780907658 15.805937451658142 0.029965673622609764 0.0014347140283796523
7.019754199316521 7.0720339263634235 -0.02162736553300216 -0.02079079267613215
13.804243558376836 8.486781638136822 -0.026800426037159594 0.013480992701827938
17.94545090996245 8.330093979904431 -0.0018360897294359612 0.029943760193159773
9.605509497254648 17.515103875540362 -6.482543002042507E-4 -0.029992995288271335
4.989661124835035 2.9698196530769705 -0.02954917413655963 0.005181342282389318
2.380392167999621 15.511848554664088 0.028188710553236046 -0.010266284495662428
19.360138313642736 2.5216651074701213 -0.02802007310932381 -0.010717999017920685
15.69608895780246 9.311151721932223 -0.011729789126940343 0.02761180991962519
16.31329969974578 1.3835404204166757 0.004723566415606852 -0.029625798222450494
12.40512189097129 3.8681846522367147 -0.020974240049368938 -0.021449504757719888
6.579085432189977 6.770120619896042 0.02908200545024574 0.0073645745968030545
16.78202192617292 17.656523943144652 0.029552577982820936 0.005161892537557064
11.551071687875913 12.430383108137024 -0.026975636765671315 -0.013126881620802484
2.7110953943474025 18.57329948232507 -0.0027542868852117124 0.02987329750385703
5.514149645637043 6.863084098061369 -0.013478336028681228 -0.02680176221627887
13.095211169020049 8.24220280461673 -0.02994566959268565 0.0018046807600519956
12.186994723901366 19.81323609870994 -0.029991608562786036 7.095180171209431E-4
15.277515728179926 15.137175509165793 0.004934374635027708 0.029591416778538923
11.909043423671461 15.759805754006255 -0.023559422726511306 -0.018572926554357088
9.056684448089776 13.865865787755126 -0.023054958053074115 -0.019195543992577883
7.186968241982495 4.847153786759957 -0.017530398356703364 0.024345125455731212
6.835698960812053 14.661924982642823 -0.006123855291263151 0.02936832300918233
15.00633830011485 2.399170789338674 0.029728733449104705 -0.00402522142398192
10.76554691504695 8.73653631527291 -0.02630723165373437 -0.014419762921655699
5.97040207066696 12.101976449013529 0.029959169375238247 0.0015646630134909761
7.807657577443779 1.4174370315737717 0.013586976488838885 -0.026746851588397076
14.297445888597347 6.652359258690388 -0.006220634181006792 -0.02934797625707929
1.0086264994304428 15.43068916550434 -0.020610411401776364 -0.02179933351847085
5.0260463761676295 16.836272098893208 0.019198233327013994 0.023052718649251094
11.711852011781996 15.41681163498033 -0.00508005428932218 -0.029566755797982625
1.166493405591027 16.503543712653205 0.029941105615333034 0.0018788811914201668
12.864422641504705 5.666208559993555 -0.014480113797274433 -0.026274061437432595
14.406760009753643 9.80793198720695 0.01907309445262888 0.023156361285856145
15.142919162508248 4.644294287328082 -0.01541461578144014 -0.02573693105851155
18.43041622283617 18.639645324029843 -0.029996472983857745 4.60009270224404E-4
14.635124389990546 10.376970234364716 -0.011390044372474513 -0.027753682443831876
8.716868213770494 14.83189971183565 -0.023198369533002923 0.019021978104556886
19.779846973335694 3.092327756929627 0.02948330049242897 0.0055439148688573555
11.343983283086413 3.1028374097065603 -0.02979550099578962 -0.0034968729473487696
14.875613247818558 8.262258466297926 0.029974485235638906 0.0012370266199501511
14.95966234857012 18.615678843509322 -0.004588224549425274 0.029647060486396475
13.599721206655346 11.64324441820115 0.0071256006748755246 -0.029141479286786617
3.5799007627524126 6.507140756374552 -0.02529491936748492 0.016129694795390156
16.698537817384832 15.05160271404752 0.007960720331407888 0.02892450400275014
6.741501104731693 0.938404434479061 -0.029392713997391687 -0.0060056942868859774
8.571820541888151 19.085020509178932 0.014336099817682735 0.026352917144358744
11.010518427680315 16.543109266576078 -0.01493573387328071 -0.026017760350701503
15.319680771586095 8.167054960379925 -0.010539871415840571 -0.028087561491477803
0.8328786009234546 6.149445317247588 -0.01299814949321622 0.02703790135628139
6.579499346243445 10.179440174587533 0.014328070362428462 0.02635728361742346
4.809094223950458 13.092257758176409 0.016350966446268485 -0.02515245308658784
1.9680206829282243 13.281312725089542 -0.029996095765575045 4.8398225427254176E-4
7.965733413874299 14.24763135408368 0.024196716083012583 -0.01773468158152495
14.164951545893672 6.704897497976711 0.01535884045598134 0.025770254555353363
13.454958320628748 8.245551474547636 -0.010232067794495673 0.02820114871151252
10.820024326644148 10.461502980527392 0.027747353526753695 0.011405453619271321
15.000178578772836 11.462379755153172 0.024801371860083608 0.016878742662232066
9.914601718214124 15.774991589232119 0.016384497405385993 0.02513062364472676
10.668343012467037 8.867912800896288 -0.02985225423547938 -0.0029737042657774944
3.5278804301306965 8.154869342105318 -0.0034818329455015124 0.029797262279270223
10.222732657735914 6.293138730853207 -0.0067465979169647056 -0.02923154830909248
5.9005291753548805 17.487968670309286 -0.018537842896048692 0.023587038405900325
13.117031515544959 1.073384406473461 0.022222519834642226 0.020153402000628404
8.196521811756043 3.213971125456978 0.02741371750402255 0.012185569031015647
7.54204666439038 7.37372097791424 -0.007760109886433434 -0.02897896986696522
16.56599264763856 11.090964900594393 0.023872474698166085 -0.018168790597764616
7.9284033397424185 6.073214340676609 0.019325111181569068 0.022946461117566562
16.324466161957773 14.475455089295227 -0.028845473075797278 -0.008242492525532198
18.727027410256788 14.313270375546217 -0.01936922301394151 0.022909238307639097
14.79076157211491 15.34692377536803 -0.0052500085536460505 -0.029537051480922116
5.606848053388038 1.3318083679249093 -0.00971567281136286 -0.028383194003186892
12.258629676232342 6.09782666057991 -0.00398668719241774 0.029733925493109922
5.586151127232788 11.825741527357456 0.018918332096850562 -0.0232829704005583
15.594640512160389 4.670956122840286 -0.018301171677495346 -0.023771140385577677
8.89792727290443 19.813143989116305 0.02982265146839805 -0.0032572165102208693
5.123454542631696 4.930082138477642 0.010157300217272859 0.028228164168011154
16.115688809693495 0.9949425683545177 -0.029383395638607653 0.0060511206189476025
3.035207663414252 17.856819548295014 -0.0037600194976770284 -0.029763438198183497
2.45707856713939 13.322884200404904 0.02055910636220697 -0.02184772632535159
12.969824388651057 3.6244514607675793 -0.007701955299564354 0.028994480243030956
10.14845210375013 9.432345406021232 0.020905763040147813 0.021516251339608154
5.3284586959778935 0.8431101774479277 0.02074449844036703 0.0216717739111871
1.8720502244283743 13.549109700293016 -0.014532087547722958 0.02624535066455229
13.049412697043834 8.02292246104889 -0.028332795748007237 -0.009861677600778834
10.913582209215537 14.370016499227383 -0.029914500909426628 -0.0022633239582334225
7.068698804422196 18.972648164492888 -0.029457617039675747 -0.005678802544886126
13.65467153132058 6.377222527110538 0.010078802086241482 -0.02825628688462754
0.655256216327238 13.538605986180714 0.0028663902031432747 -0.029862749491688205
19.17181732972586 9.391187452250474 -0.01568151661300668 -0.025575184001605845
5.646679647373441 17.577462238360727 -0.01308944084645982 0.026993824077500193
10.258960910322397 11.402238880846813 0.029281013873652936 -0.006528570021907116
11.879510540820366 0.8194286044309451 0.014152660765548726 -0.02645188449345902
16.219564952566014 6.536135628976663 0.029856315388742352 -0.002932649213245012
11.562635347398462 2.4756717003122675 -0.029967051649296323 -0.0014056370258379533
15.998990616824623 9.284353161591882 -0.0020846773954769663 -0.029927481019236937
2.9244889779198724 5.923024853509098 0.009071109291847445 0.028595716046557723
1.0590237299447125 10.931196171586475 0.019979721072218452 -0.0223788012609333
19.303536763885802 14.095478315150254 -0.015789450244318173 0.0255086899111303
10.931321469448562 4.691292219444452 0.018927278784695994 0.02327569800900495
0.26325802882155136 4.548123030165405 -0.0060344920328199506 0.029386815171192546
15.410507820789466 14.873899696399771 -0.013151835652933607 0.02696347935556953
16.801520381858243 0.44538476067086386 -0.029421756059776247 0.005861763417182546
10.333239284877397 12.043654916832317 -0.02055442694036159 0.021852128801408285
1.98120338037177 13.55911691063848 -0.007096904637643798 0.02914848099925946
7.997016189956748 12.467366720547089 0.02889950795048115 -0.00805099001490355
17.2131265195411 15.028662934437182 -0.009716767115435785 0.028382819395267725
7.349418326094277 5.127074636100389 -0.005474471711985402 -0.029496273654051143
1.0401452685463242 16.106924786598157 -0.02268258789568093 0.019634159171064824
16.66001628041964 14.432253727674286 0.020706414211716838 0.021708164604425005
6.856618892640074 16.053992840638305 0.029994247525054654 -5.874652379101187E-4
15.69605443158974 19.85770973550421 0.006139738545380092 0.029365006565542834
15.991740433791026 19.090640711104577 -0.029929993196651142 -0.0020482937407550242
3.3693053400245 5.634712569093415 -0.0294485352839852 -0.0057257112770273885
7.617328091435489 2.923122119903707 -0.021286056041663393 0.02114009976776754
18.002913425555306 2.085209991570336 -0.024718630674376605 0.016999685220137697
13.827054280699882 13.52089517860364 -0.02609410523788678 0.014801948244541655
3.068718797329071 15.153960345994093 -0.026081961017434943 0.014823336651543877
10.978607113447206 14.980271114738228 -9.347481968432757E-4 -0.029985433893950877
13.440138154067787 9.289972852819403 -0.029800070242708247 -0.0034577179656030926
13.18435495587751 9.53723679001275 0.0161625671254359 0.0252739277500704
2.553371056661522 0.3732340442161819 -0.02991694795550715 0.0022307453972779004
14.058652453050367 15.886941931553451 -0.013899577180016852 0.026585743439233644
5.7180795540889 6.379164748978791 0.0010143375767588635 0.02998284708429763
4.047324972756037 18.398272846420863 0.0065862191267148555 0.029268100683421453
10.203006244248664 2.6130416353161934 0.021881304525166748 -0.020523365032979295
15.631091829099963 14.739683323386162 -0.009265100122848742 -0.028533452642706736
19.36480870448403 1.5086165052289968 -0.02945617600288354 0.005686272530150821
12.351057894677115 13.704685402609007 0.027074686592118175 0.012921352326230264
11.399954256907352 12.235794516112302 0.028659740664518662 -0.008866750534583419
12.079902214906802 12.17726614519233 -0.010635079184036151 0.02805165041043541
18.377382965498906 7.955388270977533 0.021395702996315498 -0.02102912012646882
14.573343958760383 3.431676190759725 0.028284720633940646 0.009998728852205775
7.839091305286892 5.936051852642392 -0.026197092039760957 0.014618904495901634
9.586875877963909 6.227640500387626 -0.010591027157688249 -0.028068312092912
6.9093389580186955 12.538432786915795 0.019604498561013317 -0.022708228380286005
8.423922994696953 3.0387709781693784 -0.010016895786434044 -0.028278292006479456
11.691104137782018 8.090764664558945 0.028822382172341676 0.008322877261589333
19.57250836848714 8.523947786912757 -0.0036208777974859347 -0.029780685753952565
16.598297472746275 19.932447643027544 0.019025697428161705 0.02319531929877321
11.154533277776403 17.991345493400786 0.0200073732236295 -0.022354082774526742
7.70926907423616 1.5790688818327125 -0.0285020506090298 0.00936125584952702
9.50883932599008 6.77276118050991 -0.012595371942819945 -0.027227864507192334
9.453964504155145 5.442672389831862 -0.027587966734230186 0.011785757993061306
6.797728339525468 1.4696215033584403 -0.014130390280131239 0.026463787909730016
7.873865671239297 11.391324841897518 -0.018357831973239706 -0.023727410420066868
0.6954289393207103 3.986645735590797 -0.024541038424522064 0.017255069778071935
8.918224402717684 6.406031411623929 0.02884947503925978 0.008228474339701562
17.802617926021775 9.857301031319315 -3.287965053102881E-4 0.02999819816019115
4.04724342865924 6.632269150641812 -0.007703614457859945 -0.028994039461321203
18.437318971331397 8.997023708899585 -0.025695379553595764 -0.015483780856000665
14.775429240204016 14.356683222540847 -0.02980676489734319 0.0033995244306387813
15.070813809420338 14.793404832782066 -0.02560956170334837 -0.01562531117649798
14.366471675841204 13.183285821223329 -0.02999835458166037 -3.142011982411734E-4
8.28647257591778 6.142246323585181 -0.012153880749343154 0.02742778122143215
0.03238513818713429 16.44169848892853 0.0032144539308702267 0.02982729095855527
3.306041357481573 6.137294152916704 0.02986116397537575 0.002882860738176845
18.729407082065816 0.32397017868494915 -0.026950256964328272 -0.013178909270371183
14.60585132963483 14.779674228510224 -0.008354772156881405 -0.028813152937618595
9.703951023574719 15.295235031349005 -0.028718046902151646 -0.008676046457103495
5.876024241950109 15.138252078036205 -0.02998231950280519 0.001029814173386335
7.73392233832197 0.023315711019100682 -0.01191008673006906 0.027534520770883825
14.687935805738963 1.3994774233574092 0.0012019356748953468 -0.029975912840702845
2.631573013067008 11.677245569548473 -0.025775623302074613 0.015349828773948852
5.0454041427553715 1.4174209088675704 0.01262006796811025 0.027216426739751814
7.808939747160473 17.396004434943507 0.02123124877801613 0.02119514272954982
13.007166378333304 8.621770685511127 0.029737491809737455 -0.00395999758406463
18.028473026494815 3.6554001284607174 -7.102489895245383E-6 0.02999999915924394
9.473617695024645 1.0612818773380428 -0.00340943710272252 -0.029805632666369944
13.029825297949127 14.979437944188108 -0.014856858583013405 -0.026062880751067042
5.908417133895847 16.237601953747614 -0.022720167759495244 -0.019590660452889097
8.386630539925356 19.956568565867403 -0.025730060382915653 0.01542608157282705
1.2818087990048022 6.192281315641681 -0.008564306313503614 -0.02875156791148062
11.239605308926377 2.0223129938533546 -0.029688534867004877 0.0043117162998782465
7.1312949748628185 9.708236710642774 -0.018161403785757667 -0.023878094826234923
19.697087373009357 3.336863088608981 -0.028175955893801046 -0.01030123824938429
19.77800874941201 18.82361044919098 0.026557068339115492 -0.013954286840664755
18.60136769295579 12.88568260929547 0.026091438512207122 -0.014806648383875229
19.042689414201078 1.166051290079706 0.027391171497337333 0.012236164595307417
18.626530540227332 12.416892152725616 0.008435327902641732 -0.028789672508990335
8.089973910817982 13.621550416941993 -0.016827996622989526 0.02483583156764945
12.58612182825755 15.942622817597664 0.02629683082339969 0.014438721849439997
3.2976737998616645 6.964299905036904 0.028148592303904766 0.010375777142390507
4.3594932746937225 17.401541588837194 0.028959853378091593 0.00783114885054785
2.4902269951348277 15.390205287927262 0.029540904335377618 0.005228285670089926
18.654299689451086 16.0227603533101 -0.027273813921689254 0.012495562178832511
7.871503950064862 14.201884468749144 0.029229257225304544 0.006756517006341512
0.2569377361019054 6.451247249192573 0.003276896541234605 0.02982049545292708
2.1080036841013228 7.659841687920526 -0.02615707680061725 0.014690382338339966
0.5179761851956743 19.483087659985607 0.029508666406669777 0.005407273518130784
5.0031174457997585 6.4031903256179135 -0.015013601035328557 -0.025972904803890945
17.298377884039688 15.194385143406663 0.0298067877968827 -0.003399323643256796
19.00796317204128 18.701475600218387 0.011178644199844184 0.027839502758729186
7.874804319349908 1.39664037859778 0.003922757442132812 -0.02974242717146991
6.563201049333591 5.661946634477104 0.02856890800668315 0.009155189528659423
17.466119390313782 1.9680614385197792 0.02754216314555053 0.011892403006284217
15.27567858601243 0.6067377390984374 -0.022622795375885327 0.019703023356348673
8.883563589983579 9.135768787502304 -0.023698779536077085 -0.01839477775077519
9.70753628668854 5.061973549591894 -0.02991480252625774 -0.0022593339317160286
0.7965810388670236 15.847231971355171 -0.00808197330654562 0.028890858545087994
4.785075807374675 5.763463747896413 -0.021682508208476704 -0.020733278510388566
17.405122865927705 15.786899528283676 -0.007133634507808426 -0.02913951370062659
6.399003023764966 11.066595484549023 -0.027667434603612883 0.011597976653485914
14.765090344926843 3.3697509457025077 -0.005936507469697559 -0.029406765872197253
12.733150381824025 13.123861563283084 -0.029999982963440544 -3.197175748986915E-5
17.161525410119165 0.3688246350638025 -0.02851497128977346 -0.009321824517946864
5.479271388447202 10.822392175988984 -0.01596443460058866 -0.02539954385187906
18.98693286177841 13.0875962621107 -0.015023416642172346 -0.02596722843115335
5.812441102438022 4.10351157367836 -0.02207424341854826 0.020315702732090733
6.469819713249811 19.736726217909013 0.006960254245967731 0.029181412934117634
5.443861526014704 3.9518782479296033 0.029999073395684098 -2.357867688368611E-4
11.90885672400218 4.672173958331998 0.026999798966667758 -0.013077111904374246
10.05190886086034 14.765861345257424 0.029616014028696673 -0.00478452850885453
18.08615257761162 9.339293489677887 0.012913103180695938 -0.02707862194138949
19.921925542610534 12.413595359171822 -0.028078958408108635 0.010562769273050769
19.23162702713768 11.274265331627557 -0.026884674580823692 0.013312185120528196
1.8920077353066755 17.13828628972768 0.02280836810892063 0.019487902509197148
8.949553364883654 6.656445462442071 -0.008682197026096556 -0.02871618802696556
16.08473894011948 5.387027804560665 -0.02852340450355474 -0.00929598814148304
16.245641117619687 0.18683525127109357 0.028283558245445876 -0.010002016445520899
10.969902817337822 8.07219086921969 -0.022601733395588665 0.019727180424853726
4.243746651075179 12.18033399820775 0.01223083045334105 -0.02739355373845506
18.80456362010509 8.893624718846116 -0.029634472281863826 0.004668838461056934
8.078014636275686 7.58157461311227 0.028135827165531774 -0.010410342439676238
10.375947825347309 9.001030715936647 0.02452899824146789 0.017272181253972094
19.199234120876213 8.212447713486954 -0.011986652928350076 0.02750127545360899
0.3581949732931333 11.994160631745526 0.029987584298674666 -8.630109674162203E-4
3.0409599200656356 8.187705328102028 0.015603318686052334 0.025622967158030117
11.80268123714712 4.26655005008683 -0.005279180007476963 0.02953185159194485
10.436792832852062 5.534808039474144 -0.01499574295509925 0.025983219454574737
16.81715402621001 12.90653577445127 0.002157986957685542 -0.029922284209105077
4.837683152531504 0.2542410178878085 -0.018927183492147094 -0.0232757754984575
9.042764981438282 9.374917928503647 0.006092402216526489 0.0293748640036352
6.407441227881208 2.173390884994222 0.02699886039614461 -0.013079049556810083
7.989156525893087 9.267042649728888 0.015261037570965762 -0.025828293250959717
19.32342833790613 19.98453524819422 0.015597256940641886 -0.02562665752546747
3.7024412797217066 3.6108740311388754 0.012392027544511146 0.027321011206323915
13.612838356904343 17.00707299206725 -0.004040079381359065 -0.029726717924996655
7.873133245114241 7.012031742128992 -0.02351689235317492 0.018626748885653202
0.8357087641003469 7.854628123893086 0.026576035059752538 -0.013918130639665795
1.7822430800573863 3.8793853874904882 -0.01799257787560377 -0.024005564800486028
11.793974776011956 3.885554259003221 0.01814860813735801 0.023887821639417488
17.06274183836236 1.985804312271433 -0.0010922951498461124 0.029980108260405307
11.799171638404363 11.824538846002664 0.01803130197171947 -0.023976491594990823
8.936845578763036 18.46072956266492 -0.029875252255642318 -0.0027330024994021767
17.154937253188915 19.204863616767145 0.028154344784809056 0.01036015780469077
7.3809615298962905 17.38447885836981 -0.020346403436582276 -0.02204594899739707
17.37694290100562 9.424317617890239 -0.02753197175652048 -0.01191597797909003
15.76110638088686 0.5563213023647151 -0.022923738909845306 0.019352059177080983
7.942416200385647 7.549216480940872 -0.025733418944712382 -0.015420478248612066
2.2510186311318714 18.524477421827385 0.007586596366854037 0.02902487821794326
4.381712342548674 2.0443248525492708 -0.009194377240083595 -0.028556320266572035
12.359495003932725 2.0690099353085523 0.026999125232644902 0.013078502845202018
11.330547006639895 6.043137588489804 0.01651132025494176 0.02504748097990594
3.9065503852336603 14.178182601732793 -0.023350936220028075 0.018834377548732024
0.4762196350387571 0.4818626840508333 -0.022896018692867656 0.01938484789767139
3.741269708718453 8.002980837409403 0.029285334061220122 -0.00650916345798293
4.564575194132412 8.467935590948715 0.02602609151199312 0.014921211767459086
0.5165667892535741 10.848230395764295 0.020887214455703712 0.021534258108452258
15.884212380184161 0.8939385557572321 0.023270423508289506 0.01893376322194949
14.243921940479103 11.184792398179724 0.02578742019731495 0.015330001942828088
6.695742437809333 14.981755210902815 0.028968989294198118 -0.007797285378427212
2.64843034570295 12.8557994901681 -0.026194865317773305 0.01462289407004363
15.3993513945068 4.778596721912171 -0.003889754396997915 0.02974676134860794
10.222548564250369 5.698504170947444 0.023136264113931517 -0.019097467969613265
9.993696145776811 2.4426010655887165 -0.008539569727586467 -0.02875892468204764
9.21472426466785 16.99717401619846 0.012690881193929414 0.027183479073171788
13.420942742735525 5.454908175577722 0.029933443208159105 0.0019972425250613475
15.652989483850542 15.494235179327834 0.028527616958069803 0.00928305287573264
2.2516336643951163 3.8688773324057157 -0.029472374827282804 0.005601707064828271
8.147542528198457 15.776756225745407 -0.015140760301773786 -0.025898984101393453
9.061791228969469 6.734375917595514 0.009989088844067797 -0.028288126556301325
5.081708935640121 12.070915947413672 -0.004704913572368427 -0.029628766229401846
2.703298480498122 3.482142819945495 -0.013845600204264959 -0.026613894021425312
16.51638868502664 17.85361513494328 0.0040188372606291085 0.029729597156244465
2.0648580118860993 17.07415126924224 0.0057518917733708095 -0.029443432901538995
12.51556026515839 11.950395174978407 0.007980366365483691 -0.028919089762173646
15.14984855332374 16.061947675282354 0.002416854902963737 0.02990248839775747
18.653521418248914 18.342558761933294 -0.015011681105393497 -0.025974014522017422
13.33183754946758 14.475127710172856 0.016831112447471357 0.024833720095478542
13.3797306967187 0.851473218838672 0.015058730257330342 -0.025946765560218937
12.148526849397639 6.0027568626741745 -0.025286544464645396 -0.01614282097520477
9.07325200087122 4.989634389457529 0.020424162895380567 -0.021973929325975354
