0
16.801971257340742 18.551309973710786 0.009894481338830516 -0.028321356588898325
5.00948407186153 11.633572249168271 -0.028672756828868613 -0.008824568875167109
9.643968495436406 18.563140934165244 0.024019015524429116 0.017974618027575245
2.396604544889165 3.196372333338413 0.006485147265040079 -0.029290661736306726
18.031678208866445 17.49079844899076 -0.007396054621180066 -0.02907401547843918
3.724179634797633 14.696829390616145 -0.029134535302076114 -0.007153939665113242
1.1088710683320802 13.178099291713568 0.0220837425303504 -0.020305376525767575
7.841542874950886 18.288685988986384 0.013095253142600077 0.02699100489294948
15.80338267814988 11.60745428512088 -0.007236452699562654 0.029114150379617683
11.474113317818613 5.686670800105449 0.022423316946183484 -0.019929748044844934
11.543155504834694 7.996313121629004 -0.028724889264548054 0.00865336563075038
11.125632434125592 17.66754470220641 -0.005588253553502048 -0.029474928705965884
3.3983648836704727 10.290999608573188 0.02934056418055765 -0.0062555010643894115
19.86314884715404 17.964352106798586 -9.776853352144641E-5 -0.02999984068814121
15.236827007844392 14.933668520123897 0.028269164808995172 -0.010042625204689704
5.911486881670218 1.3202317615853199 -0.018804304844077246 -0.02337516030599604
8.145734951018259 14.262444924541988 -0.02451977396895717 -0.01728527363136755
0.10426382942820389 6.109098171567668 0.029982786150594146 -0.0010161371205402716
8.061803770358122 1.1994360425413464 0.015814000592351385 0.025493477308227493
11.696469796883697 2.3993360749911097 -0.01808278271428252 0.023937689305946912
16.37742442483369 1.8807789885808002 0.029637616304888426 -0.004648838539271046
4.046268595024209 13.371624016230184 0.023538142590322175 0.01859988826304237
17.8032025868897 3.4192085172868714 0.013495194038046998 -0.026793277848659366
6.365532063754566 11.778946703000841 0.022214565193838243 -0.02016216985467364
18.955556697825877 0.8323666264901086 0.029974344822125906 0.001240424316229684
19.201700661598306 12.269009626065605 -0.020831696332387042 0.021587969518118467
10.427685868724765 14.026225865929298 0.02483392221313182 -0.016830814226059237
9.567428348411141 6.927426281436471 0.025364460311434484 0.01602011713782596
4.356444430209732 18.237111911396422 0.0268776554277897 0.01332635129001959
7.636132134196705 15.832509384550207 0.02548211407559404 0.015832304388130367
12.017258822614664 16.089918258730684 -0.02898178181532012 0.007749601461312705
17.565565181981466 0.6649981752846457 0.02111345587957045 0.0213124841541626
3.5025029025916488 18.943730937040545 0.028966139164085285 0.007807866669381888
18.129892232574704 19.851938230093378 0.029428335029787353 -0.005828644557235443
9.241453681861929 2.9262624399685144 -6.080003652235553E-4 -0.02999383829315428
8.203003842414285 4.143919057308749 0.02634485478212983 0.014350910302433465
4.6153900322227415 10.399747291157958 -0.02751253863833843 0.011960778305525733
2.449002772050466 16.167284003888113 -0.020085401536752062 -0.02228399975559679
1.2603420403596721 0.8853468806126608 -0.02553743432282138 0.015742917398232914
4.48442285279646 4.0335363566720055 0.029781443384107868 -0.0036146410553715503
7.320722249415645 12.970116849807603 -0.024345758116198185 0.017529519723813603
9.862897177362331 13.640241273000157 0.020934030355868008 0.021488749918494483
12.845377265868139 17.63730594547779 0.029981434607006415 -0.0010552624819437648
7.016134500494495 6.412054338320865 -0.02928448329350667 0.0065129899610185706
13.066744351741239 6.941662277127185 -0.018581366463823013 0.023552766723616853
19.222278646280117 16.895385962823827 0.013593545580702417 -0.026743513578910413
2.2745719197019065 4.0785722946273655 -0.0011762784404302424 0.029976930613900065
19.158522595120523 19.261385937259238 -0.016652761441757487 0.024953667793811692
13.626361855245042 11.688782023631743 -0.029894827839205676 0.002509834349962818
14.961251327660698 3.2527475847676612 0.013308429886824779 -0.02688653369156145
8.203071844770546 5.656180472235075 -0.029940627445853085 -0.0018864856608596448
14.233551247943055 11.73096703272046 0.020673643455832984 0.021739375940010193
1.033976244349235 8.589176384480995 -0.007181104807947324 -0.029127851512551966
2.3136462285138215 5.480557492224203 0.02966124870517102 0.004495589533085782
17.229699860829687 8.458629792058666 -0.029855941888609537 0.002936449206775124
11.493281108489084 1.4809712386258944 0.008280935605074318 0.02883446038171362
0.7655939051031724 7.26662218851327 0.0035756889804993875 0.029786145240946086
7.834232406225925 12.078992607265759 -0.028730683695095006 -0.008634107621080588
18.2745847148507 16.847596108310153 0.010040866526043263 0.028269789518250463
16.793603248392337 1.4348726637352538 0.01231733270816322 -0.027354767682369604
5.302714668500492 14.601097838933878 -0.020143044670541878 0.022231908406624798
3.9912997309544496 17.76275986139767 0.023004599077023357 -0.019255867191726686
1.1525194780519321 12.705571354132204 0.011865403980901768 -0.027553805333746562
5.03068766605405 4.165851460557823 -0.021737137546455357 0.020675996984099238
17.427530890533344 17.684850162349647 0.02251532481299896 0.019825744590434766
11.14787383959013 14.642401027950873 -0.022850678864942887 0.019438273467858518
14.871220476328366 1.5502829952544506 -0.01939371255634924 -0.022888510508150193
14.385924720956622 15.911050810831846 0.006322927152150388 -0.029326107689712236
1.6790037151294745 15.516277618315225 -0.02376782550612578 -0.018305476522351358
6.674597708215966 9.311223703981993 0.029919605553923374 -0.0021948128616439046
6.2031988828002405 7.817524241378346 0.029858199706770183 -0.002913401838165981
7.288411607345251 12.852246706834958 -0.024714859227645568 0.01700516784267837
8.356413511861952 9.711769551818193 -0.02769203545011119 -0.011539114898023376
9.238111982573313 2.626803979590966 0.015811769785814195 0.02549486097707562
10.974475335095129 0.5398207112604481 0.018836185097133827 0.02334947817375184
9.742328171488001 19.821001525575127 -0.015380635114200143 0.02575725263850618
17.289011816751984 11.878949132916642 0.015806550222551778 -0.02549809738121549
6.484535373590285 17.433024347599257 0.02856844774284669 -0.009156625664743406
9.282912241590749 11.4491258538718 -0.023405079714768136 0.018767052073923304
9.279818817868481 5.980920615392337 0.018445764157661065 0.02365911631147593
8.297435113811959 4.533020371414085 0.021417865305523354 0.021006547687672503
16.38842817474042 4.800661194806228 -0.019667950404073355 -0.022653293952600153
1.5034590402989911 10.207525557283475 -0.02023526234448906 -0.022148005730758317
12.288285104197463 13.30915176052059 0.026385381649476673 -0.014276261247660732
1.854569622663882 3.551223216279955 0.013213289687125937 0.026933417452007297
16.463407945230088 1.5715431855885909 -0.01850435370956623 0.02361332026190435
14.457145188686386 6.020714014882369 0.010382982443816989 0.028145935329482088
13.824268282821173 1.8438024799924246 0.01567992444958799 -0.025576160174178075
6.9105889502454065 13.148669120787986 0.023478863791475457 0.018674660775000507
0.8313703692735719 11.073359174766864 0.009998840869571597 0.028284681035235036
6.515179223785285 11.314781343412566 0.016669968511560714 0.02494217612445983
17.264386646835664 10.683484453729227 -0.01863943585058614 -0.02350683796625748
3.178917061816615 19.222116219229548 -0.022124217960948482 -0.020261267966651165
12.823034451774433 14.829200045490742 0.011524002793096665 -0.027698327740582108
6.6790502378222065 11.457639388001857 -0.00846965607153111 -0.0287795921797022
17.25707298973434 15.619718414007469 -0.023502977318103656 -0.018644303612221746
12.386903786693779 13.646521597474589 -0.0246755261112049 -0.017062192448077863
10.333331102608236 15.917971109033038 -0.029939001032180505 -0.0019121237394830375
15.822058213533223 14.682183850075347 0.02933122777198647 -0.006299133066371092
7.427141728416409 13.052468350418655 -0.015978555766444136 0.025390662764461957
17.077024990269663 0.7224914586441211 0.025800297417314683 -0.015308319737257426
12.580925210518185 4.348829066489108 0.02673054737542766 -0.013619024818613752
18.297223047444145 8.419085289757657 0.0057516416800527815 0.02944348175716112
14.14848658156713 15.483610420136475 -0.008757693786997362 -0.02869325355433203
6.5014519012807215 7.461030538121456 0.029999710978215077 1.31686079605091E-4
10.221943150480172 1.3948393240771684 0.029372177809847088 0.006105339524279244
19.0110664748249 2.1728730874695423 -0.025559399254919537 0.015707231128611384
9.438503305526291 6.402658671142742 -0.023203520477452513 -0.019015694503552637
6.984877160205039 1.7552755715058144 -0.026401105340217588 0.014247162412730973
15.943760470501045 3.288068586355024 0.025074812800506614 0.01646978333250166
14.83228089923025 12.875759074580627 -0.024313318251265252 -0.017574485927408855
19.641104654422573 11.773617237992315 0.029786573099519372 -0.003572123036373281
8.837494247637856 16.727171745949562 -0.0272251398888941 -0.012601260176273932
9.715486179020875 5.010370020787212 -0.02487883895402898 0.016764348251557232
9.848838131926206 6.3294332135607885 0.021143845264652426 0.021282335572592473
2.053483107424272 1.6013492412107144 -0.027331869310073212 0.01236806047919713
13.482079248508406 5.650340903569462 -0.028104755270759667 0.010493937829561725
11.797561496466301 2.1211469378334447 -0.017519053355341995 0.024353290733136666
11.506613797309942 7.895839907102986 0.0026295368923124254 0.02988453673276479
9.015044634608234 18.200388829837728 -0.021618939916346638 0.020799553766689176
12.916146393383372 9.83866899319354 -0.029433746543448644 -0.005801255417237282
17.413666779629683 2.6454030156419917 0.02498092684288234 0.01661184198307221
19.057149296749277 17.02372872060977 0.00479844979325867 0.029613761658755473
18.215242266730744 17.808648127889064 -0.0016146604561683763 0.02995651634638591
18.962172784286604 11.753415334178301 0.02396698716865632 -0.01804393322026723
9.663923523216052 12.002434506005184 -0.011751677877085802 -0.027602501101769965
17.01168284242777 3.498550525920867 0.0015400772465076005 0.029960443289023437
19.09028672171107 9.083015379951494 -0.024413389956233544 0.01743520550050601
1.965937895379537 7.319938823055619 0.006505429583080115 -0.029286163728620824
11.809146569808709 1.7875371561489506 0.012540471912435475 -0.027253193651633142
14.443134045007575 8.47905630353349 -0.029712663132766076 -0.004142179324795532
8.167026501548458 15.78335069457465 -0.007482573452790752 -0.029051869036665973
17.685031293150544 5.058404557092848 -0.012682243083105244 0.027187510190913568
6.481688727069144 17.926137539062577 -0.02812545500203056 -0.010438332286757017
5.997243590036268 0.43473200234441345 0.029813006055550654 -0.0033443489548341068
1.0755459418863045 1.595940730752674 0.023097396251600746 -0.019144458373026377
17.066636357375064 5.121129728468423 -0.008950784409906164 0.028633607150468848
17.679205037581546 5.30178977145463 -0.02099121610236588 -0.02143289169813013
12.368607590462302 5.0239874275629965 0.02931451325421598 -0.006376465531028575
15.690320847851158 12.56698643981904 -0.005588367910014371 0.02947490702448986
6.445708898041023 8.692494328335282 -0.02989081958197932 -0.0025571282168795244
1.5734359455175517 4.416511365603711 -0.02979763016853147 -0.0034786831329431493
6.766870387668806 18.753796995885487 -0.0084016663037072 0.02879951394244616
19.47305556285543 17.011237703897006 -0.027811034735832452 -0.011249282062528293
15.401716430840665 17.445634133769584 -0.01885410860348892 -0.0233350077944672
4.2168988476716684 10.973956076568633 -0.017452847824629896 -0.024400780782801015
9.542882673642097 8.93727281286376 0.007658549862947067 -0.02900597548776378
4.578599909551258 14.030418149752508 -0.014923414537459857 -0.026024828501704515
16.094122419716786 3.8634124855097074 -0.022599683356742045 0.01972952893951086
18.156155308009446 1.4829644875685077 0.008341350104860363 0.028817041458625587
15.664150310868783 17.01643052622789 0.02995089892256014 0.0017157079386031062
16.648629083592493 19.92061895476369 0.02384928356254365 0.018199221784279275
1.3538448555920746 6.219443633269821 -0.013125119880826113 0.02697649399225079
5.761098177585389 17.06105151047138 0.024929518416934207 -0.01668889185954952
9.123439625926473 18.743188770964178 0.022318786652528864 0.020046739444580488
17.456050860256557 6.767359748009709 -0.020461515934789034 -0.02193915143414563
9.13993378941528 6.878225551169576 0.001123854043334199 -0.029978941810699076
14.7554927045934 3.574431946979948 0.026252175795284882 0.014519754337228248
14.63392939854857 13.012424939301024 -0.02275049429916236 -0.019555434261191464
7.676385073507324 19.42156155360477 0.014119550244231963 -0.026469573115194153
18.17775867176511 9.311726955898706 0.01478797352747471 -0.026102027487356363
10.984779236133866 9.083209334045723 -0.013209283816508205 -0.02693538232613256
0.10883865857229003 11.316696163623583 0.02928132021042187 -0.006527195932001711
14.050640842790589 15.819196289088628 -0.029999017519694752 -2.42791789497271E-4
13.67701694604927 17.84303944289142 0.011042022764323875 0.027893973063587648
14.882929722154469 19.267388690555613 -0.013783264032835847 -0.026646231114383395
13.442980850135784 1.8430072093542615 0.012013394774320228 0.027489604325932657
15.067502223116492 1.2519140243920557 0.01953393233078877 0.02276895886280629
12.984911723050498 4.616003047060766 -0.025502442937654808 -0.015799538101212332
11.400937290273339 8.09140529223181 -0.01599960668403842 0.02537740305776131
14.008239456933682 6.157790875903936 0.02780071252096815 -0.011274767550884792
1.0309046593821614 19.715477396628028 -0.0018539450205235725 -0.029942659999754127
8.861877967600716 0.6529872982648732 0.0183259366012363 0.023752053546745547
8.335279355616676 14.421883863550216 4.917512508211191E-4 0.029995969407694025
3.0444729679972027 12.227053450291585 0.027213142546152456 -0.012627148243478688
17.992382771534533 4.857368653993827 -0.014394768188868682 0.026320916564373936
12.774262857462782 12.101285011595802 0.014260496257463203 0.026393905480070166
5.045508740529661 5.645392544192971 -0.014445275180242011 -0.026293231542872098
7.771910818001899 15.194414934948885 0.02956550796669292 0.005087311536697678
10.515828421912087 19.31445880084989 0.013494787922847118 0.026793482396235458
2.180405307506119 18.88187408646965 0.029585124707000046 -0.004971960988508997
2.475871319481344 16.539965117766645 0.025466779401029 0.01585695894360974
11.57061082883456 6.890547437059251 0.02852158504746678 -0.009301569027864038
15.60560165655424 4.376167951727872 -0.029984570158939624 9.620563307973215E-4
14.243581690609052 0.9425674579876886 -0.02918841727684742 -0.006930822236404201
16.19666373966563 15.736212556415904 0.02990926893475353 -0.002331444142283318
6.967098242736121 6.47331297768718 -0.0062102603265891225 0.029350173196694994
9.367204012041446 1.92806789601208 0.01114974612832971 -0.027851089050049672
3.7373249951708143 17.180855203196725 -0.027053978285612464 -0.012964654215273515
6.856801157599635 13.060871033875479 0.022683632562700944 -0.019632952242604102
19.437825146205846 17.898669814707418 0.027653360352480248 0.0116314943672717
9.083010164916987 17.525421962446966 -0.02988355392064779 -0.0026406826904677304
15.115647274882809 13.840039097191658 0.021809641330903157 0.020599503513855883
16.9898562557295 18.887660543172956 -0.011635597451059815 -0.027651634164310983
8.183629092067795 15.098197685534522 -0.016554156425864323 0.0250191907348742
6.373831659737165 7.215668419152477 -0.014800280495750563 0.026095051202231916
7.802735436232215 2.795519465642342 -0.004738865965972299 -0.0296233547957781
19.5416201057926 1.3273668524566085 0.022103495965325865 -0.020283872068981877
15.048889013388854 12.78988865399837 0.014811234924841725 -0.026088835159913688
11.98037634592512 11.373413508842052 -0.02693977970987699 0.013200313222923914
19.713713602397775 5.636387622794654 0.029971793903935864 -0.0013006037751724482
1.7879959053637728 18.671085305372944 0.029971680681421285 -0.0013032103172236577
4.653629923572156 19.77460665413667 0.02968966475730572 0.004303929204668525
9.436937294380483 6.330998531842145 -0.0066115350448692324 -0.02926239232104009
16.850100098976593 6.810762197993974 -0.027895278593208592 0.01103872421103446
8.487838862135888 12.957598186635913 -5.947866982527081E-4 -0.029994103233528777
17.57632809112515 12.371426855311372 0.02370169187168165 0.01839102505081922
3.5229311150089737 18.98226493687536 -0.012595640891653033 -0.027227740092202253
16.5206204143307 18.34157500058848 -0.02999992080138674 6.893410275731072E-5
10.166125925315256 15.867889982287714 0.029842916065599488 0.003066000766729148
4.0697295082133556 8.320825194075496 -0.029557473629209883 0.005133785412204367
9.866191960752143 10.80665785326363 -0.028541574661232454 -0.009240049559244448
8.320066017006877 9.732809734428631 0.00920941517646934 -0.028551474079413414
6.34861938830171 0.3568341854402468 -0.023097730112981905 0.01914405556897098
18.311508356728357 6.035482275123256 -0.007676173447975013 -0.029001316542471022
4.435197989063768 5.905338820668733 0.029914733517031458 0.0022602474654326373
10.455916836988813 19.67446196618767 0.02922431538676963 0.0067778602947109814
19.36997622738548 10.514114312238936 -0.026272530454253363 0.014482891407806993
12.586123485261353 0.5042460566867546 -0.022363154023614638 -0.019997233361545002
15.895698314952181 12.660519365459598 0.02995963262738179 -0.0015557676022852852
9.34448982183304 1.0177829671934946 0.018728504182758118 0.023435936744163048
2.053032814158444 18.103482718359135 0.019673048731812064 0.022648866496929772
17.063773386594175 15.455571457454766 0.019859993660466882 0.022485120675820605
19.920482383714763 10.523751118142638 0.029905749133874223 -0.0023761668169093356
17.60538242674692 17.230648086854462 0.023261599926831737 -0.018944602630934795
12.107768901216641 7.061474006440697 -0.006842296158412817 0.02920929617913737
3.9868725156593277 1.5625457963176537 0.01907883884656779 -0.023151628630977472
2.529322998886212 2.2084380137777138 -0.028724233720550645 0.00865554141386783
9.665045046935543 7.156162011847358 -0.02334124062829335 -0.01884639185446667
17.52425592989272 16.94374502692296 0.02984013244643452 -0.003092975198614709
15.09400083446965 2.5223813382236226 -0.013899529035534118 0.02658576861011063
19.39939290089623 7.206373853091053 -0.028842943198316696 0.008251340961242392
15.137312101088604 5.385912593662077 -0.011861982536120632 0.027555278447382255
10.534648835442555 2.8892245700489227 0.02999697308529585 4.2615222636546696E-4
18.005818385601557 4.769048912184591 -0.00898400206711584 0.02862320224674483
9.8247519783167 15.067635350623984 -0.028014598554446803 0.010732300211659522
7.98078124110245 7.922543044499952 -0.015376884626215732 0.025759491827131418
2.8950844868660175 13.129290178611793 0.022084964536834964 -0.020304047414413266
11.066962743506219 2.378491609255724 0.026730451215479716 -0.01361921355353748
7.616770685914305 6.2776931490007275 -0.026635419439718214 0.013804145437884987
4.139945812606229 7.044622787193617 0.0025611822190478835 0.029890472489420988
12.289120546889995 5.4012381386233805 0.003684893021621465 0.02977283264016384
16.782477850660026 6.4016572459849685 0.024373044143179253 -0.017491561370976447
6.72563944747242 4.835131300492394 0.014877339050557605 0.02605119541930377
11.959016828229295 5.400044465744445 0.020121360995760378 -0.022251535490349708
8.580130874087368 0.8323178119859631 0.002867906055633519 0.029862603953039
11.506856523233358 7.4113531529767185 -0.026704924075771217 -0.013669200053671561
6.726403305692674 9.777907587915415 0.021608729391846545 0.02081016131773003
8.114415850693419 17.34248881540838 -0.009002652635685369 0.028617341692078725
9.440856586790932 7.942653064461123 -0.010149412098622761 0.02823100129383175
13.438306569835115 1.4747189076673273 -0.0246612021815656 0.017082889303626128
2.5512269381797648 2.925600457232176 0.012116172696371786 -0.027444459535427086
17.143932526092097 15.388752999085307 -0.02905237999205289 -0.007480589334896341
17.564091693083245 0.37239472375898863 0.026584598524801956 0.013901766840049417
12.240387206163806 13.063891642034653 0.017135630231753487 0.024624584799760905
13.96289490603456 6.999638829129687 -0.002945606494881564 0.029855039815369723
14.857585326215865 1.4130401205347787 0.021588296103140718 0.020831357885724093
16.209263531074317 19.770483181879417 -0.022772174139127653 -0.019530183946323842
11.757690982717667 13.59321167231628 0.023562483758567933 -0.018569043032079555
13.25281083610136 12.053028014833975 -0.02200265962318051 -0.020393208906556666
14.997250092503212 15.807573882102645 0.02626319130520925 -0.014499820083917635
6.265451754964914 19.989429465367103 -0.02216073497699343 -0.02022132105673267
12.311770646387894 1.3221144133069607 0.029886777247839943 0.0026039481058570835
4.510070738727617 18.785624112816876 0.005591242082647099 -0.02947436194344563
14.469154151161112 3.3271950520527804 0.029639391933454946 -0.004637504265771181
16.31216868852364 10.31255527759207 0.007837733826243379 -0.02895807190523845
0.958058541986857 17.288614971544877 -0.01165296847345397 0.027644318145989562
14.546428236523035 4.840537527289898 0.023485932503675006 0.01866577012696829
5.305361274209426 11.698866966470085 -0.02809041792490307 -0.01053225620673387
7.33500272090529 13.897165284349672 0.022856897220099058 0.01943096110514938
6.8540378278330945 2.739092541763124 -0.021951833567231502 -0.020447909502845717
14.175290945569008 4.571774653316336 -0.029982693320825916 0.0010188725284848437
11.217409793843506 8.315306542217154 -0.0018767168090133618 0.029941241357344665
5.804014874973504 12.949151413456004 0.012555096642035133 -0.027246459371983694
14.533470561930422 16.1958479555483 -0.019583639505216667 0.02272621974129699
19.0311385972166 4.042769622122206 0.011389573226928913 0.027753875796155465
13.18729127990715 1.4452383984968975 -0.021626109695009894 -0.020792098967141317
12.748551999534037 4.351567350012077 7.845187863244763E-4 0.029989740416914313
10.40101217972043 2.8546966706711174 0.017349353399328696 0.02447447520632877
1.4790452826380673 11.159967908056858 -0.026757313083865503 -0.01356636268614399
11.997993906258547 5.381044463336819 -0.02989895244464096 0.0024602119244281112
12.26292772843589 18.551733717440317 -0.010603959626018431 0.028063428875491517
7.15607572724797 5.430644023921212 -0.029206011433348868 -0.006856303388495519
19.402277826342008 5.865183118077571 0.02737556794369546 -0.012271034176470763
15.9378632918619 13.807867759160565 0.009453740691944898 0.02847150833604474
0.5531966951957434 0.4684758070001882 -0.02997407791342156 0.0012468573455427143
7.124335745557204 3.8704574805376635 0.029296431967938096 -0.006459030418567072
13.769206503114358 7.204950723295617 -0.010173192641135441 -0.028222440565733285
19.120061955151176 2.4165099312253724 -0.01675238946105732 -0.0248868930834095
16.186037697922952 14.013119200386345 -0.024275482453177087 -0.01762671131168521
8.619802976950213 11.526745708891964 -0.0032612523517771145 0.02982221039926498
4.869057941579589 12.864656032453937 0.008315361154721531 0.028824551494629504
9.940446400355922 10.395742570474633 -0.008122908666137421 0.028879375942038456
13.626534495289683 11.524901639339353 0.018617248371052192 0.02352441419229296
9.479919232441514 17.438931290421383 0.0298510726628566 -0.0029855419737219195
6.969319297374983 12.399731624450736 0.005064615806540568 0.029569404233635473
0.1542085925200376 10.927934872469102 0.007867274724956333 0.028950060248677606
5.452426992309929 6.003491602142514 -0.02926031273585283 0.006620732482141877
18.81066420802263 8.292280325298014 -0.02592757108688817 0.01509175462079743
2.885883127003066 7.915759269661415 -0.029640767947066694 -0.004628701276615692
12.883655710625327 13.175175427798028 0.01566430244420909 -0.025585730963494965
3.8081912080191804 17.478340613857306 0.028034618257843563 -0.01067989602650626
11.748191339983132 9.426939736857904 -0.024293926727787293 0.017601281889251762
13.570294909076761 15.343831950637888 0.02639435828041734 -0.01425965816437984
12.576540218458938 2.4813595867301363 0.02950894498606979 -0.005405753028867158
18.7130795986914 15.186612311212876 -0.029828829408273482 0.0032001462673007545
12.688041788376163 11.944709062640817 -0.02610120460879694 -0.01478942588370885
3.3067682878943283 5.727079433402982 0.008871192955753861 -0.028658365890988673
1.5163844733132081 1.6289805823139547 0.002195195351173502 0.029919577493176374
19.763038477896814 4.438481838509068 -0.028362829591579087 -0.009774962790673195
9.952519862418862 2.5120626829314863 -0.005491061003482669 0.0294931898759024
18.474888474968708 19.078772164038032 0.02706623218120869 -0.012939052342150217
5.943260170488558 3.9776530956251954 0.0026864973473803336 -0.0298794700756643
18.56720808384165 11.130614828305696 -0.02831375445973233 0.00991621441851615
9.261339519392086 3.883708294416859 0.029296557988513428 -0.006458458796467624
7.072223330418403 3.3919666833202022 0.010258806261506031 -0.028191432991050397
10.175541011413632 9.174681806017455 -0.0033437431164138583 0.029813074010766397
1.93547259864836 17.825677412838147 -0.006209120503278852 0.029350414351006392
4.640185774679804 7.471758518138698 0.026891721170778978 -0.01329794467100377
7.304337700802323 18.275174507600823 0.029117648896287394 0.007222362684920584
9.330148439314518 3.866253065155094 -0.026573040910403842 -0.013923846335477986
0.3843330530580924 3.1477512254202766 -0.0155323665361654 0.025666039620210385
3.546369504386211 14.461370564656647 0.002710702217695726 -0.02987728390411316
6.537984348976416 16.458079757153076 -0.026112812767045853 -0.014768920386853164
0.32086567537298327 13.451131492683547 -0.014044117273087048 0.026509673140568478
12.954135848477168 10.950562968125585 0.004930087483624545 -0.029592131342703394
8.01027638848932 19.02448548814901 0.021557182366398277 0.020863554069761148
16.776532321492958 17.055846569793466 -0.02965227552016693 -0.004554399683395063
16.771311030919595 6.407003951305372 -0.029990753109070116 7.448006114397371E-4
7.631487638894072 7.297473431730714 -0.0063705008538303175 -0.029315810049721416
5.485850136032518 6.1090916264605415 -0.015242220168472353 0.025839402553770756
9.554967316118814 12.000105718386925 0.02699711294731742 0.013082656171809535
16.311201940428077 0.08290939988801371 -0.023081256294037403 0.01916391421106238
16.846452012389925 11.749190061031523 -0.022220566736665927 -0.020155555410391837
1.872880428376864 17.082199854235583 -0.026683021550025502 -0.013711905810676888
1.7650919148183841 1.4392285690272644 0.029183978591116672 0.0069494887289097435
8.431567314869511 16.089464642363563 0.008563383601297438 -0.028751842746109858
9.564925427257423 14.78721437063765 -0.024291815741660342 -0.01760419518107041
14.818389298199154 19.18052309484781 -0.024807557837135293 -0.016869649497164643
4.409814878012154 15.18002908363281 -0.00845120052090796 -0.02878501710535196
7.656598516975253 4.531882326657226 0.017258265783663556 0.02453879096737302
5.422347830790679 15.408052022642128 0.02832293576042048 0.009889960056091966
17.923955733046444 19.273607352701745 0.007203332854594299 0.02912236246917345
18.64872732826082 5.38757800618 -0.014387029046925862 0.026325147581787865
10.246860164494844 19.319060820306394 0.01887225653671954 -0.02332033304248133
2.145705236462261 12.005253120351231 0.019590837295165295 0.02272001527451864
5.880330826457438 8.869966178416128 -0.024792481748882624 0.01689179826813362
7.73541468156238 10.779322674308016 0.0036830162325793515 -0.02977306486458116
2.9806164390382395 1.6452956650165107 0.008455267130460522 0.028783822848130403
15.186545897124088 15.613380468992307 -0.005202755797165348 0.02954541135464291
16.82024691855523 15.59753943273973 0.019306040123004662 0.022962508895347955
9.56026135112749 14.44426242790578 0.012193181326152783 -0.02741033252530073
19.767054099584715 15.47946151044113 0.016219165259599964 -0.02523764407154094
18.038528623513137 7.420032549643409 -0.014489587589948087 -0.026268838030511027
1.3248363855658862 6.565576366373134 0.02421432396821883 -0.017710632816535465
2.500764753571052 6.18743916819978 -0.0035074335881679227 -0.029794259675725982
5.927216958547734 17.50977379867666 0.0015362349158566802 0.029960640551952536
3.1387886738340898 12.159080216897145 0.029596130428706003 -0.004906023200823924
7.538624751822383 1.0658344683373766 -0.02508340488984457 0.016456694659989335
17.14467897417283 15.944543634905276 0.0018437016812508115 0.029943292472781827
10.935504002080506 14.480545355899498 -0.002931497826289172 0.029856428461798003
16.553200701988327 5.580309279796083 0.029993413266824434 6.286180123730678E-4
18.742578274992535 3.9967600488668498 0.029941661764942184 0.0018699975277521666
18.189558546574627 7.330976738560146 0.02049807549955101 -0.021904997165366324
8.246601677303078 3.2206028203255155 -0.02072641852159588 -0.021689065799790623
14.821384066802194 17.647685622615267 0.02685235464679363 0.013377258684903286
13.50422710412097 7.1950934855185 0.02548199767404215 -0.015832491735040012
4.435592554612164 9.784216478255829 0.02827195033415953 -0.010034780730181247
15.53976512883498 2.9013445798303428 0.02781812319128681 -0.011231741722208128
9.388098341440012 13.450505467464453 0.02853975645082268 -0.009245663941963559
19.168418450021356 3.5351363744437414 -0.017890571684591246 -0.024081682765091435
10.276864426685178 4.0278922428854695 0.022259021277544623 -0.02011307961913878
0.2943865557818337 15.175672391752624 0.017068062311680798 -0.024671466290526422
2.9734350587522784 11.018704448049474 0.026668132116166796 -0.013740841656706224
16.97177099789892 18.20668717326552 0.02906745587265648 0.007421792848845102
19.459481350902287 18.73048989931102 -0.02936061447659231 -0.00616070755326999
4.0678214784954125 5.837329042645618 0.021503898310942574 -0.020918469289903624
3.035010819248547 9.315645984772402 -0.029809453283213085 0.003375869511094385
11.458451504680287 3.008435338783153 -0.0075777138311504755 0.029027198505766807
1.113278029535505 6.251138478272244 -0.01612819126403711 0.02529587805454946
4.178478399447007 11.503450367285474 -0.021415570479149805 -0.021008887192151975
0.15113773230988503 10.638735997298047 -0.012213727905916133 0.02740118338028935
18.144414871523807 2.7943931071415906 0.027544057064654914 -0.011888015831880174
9.177097748724595 2.2594761874898595 0.02352785165332184 -0.018612904034010398
13.704204577680583 16.561414333852266 0.017360252584079257 0.024466745394861357
3.7047350576976035 9.490243487813547 0.027943644071940544 0.010915711428061024
11.521778708397965 8.386713306152354 0.02762161582397155 -0.011706679258992473
9.32592062051932 17.786101200677034 0.02196309589332701 0.0204358121634674
19.78803233247392 19.234366259707315 0.007269868374796604 -0.029105824396727403
13.673518080818427 4.687726499018212 0.02700473737900993 0.013066910847277714
10.514545194657352 17.319032652391876 -0.02917686570233409 0.00697929135284955
12.37140098365063 2.9046685118729565 0.0238613975152826 -0.01818333601453994
16.20038436287023 11.108063309370413 0.013405453685666003 -0.02683829002528782
15.632796328660207 13.065520761327573 0.02914841861422294 -0.007097160861219205
0.3913999323350281 12.700257106742562 -0.013709556583176262 -0.026684228643389495
19.845653689790744 18.766208401658638 0.006182454251771812 0.029356042979678792
18.938864969022497 11.824976126053702 0.01881529129173549 0.023366317930027882
16.252979271613263 1.575743858055263 0.019803210177816336 0.022535147362580776
18.910861939494506 1.2894848364134393 9.925479518291245E-4 0.02998357631376417
6.091401294194203 19.100777320285815 0.0032015257811263045 0.02982868137670158
3.3537972196310273 9.889860096487224 -0.022512403791357855 0.019829061388145847
8.624672535348974 9.929333873806838 -0.00948504568207087 -0.028461094645305347
10.118585341890686 4.54855150383082 -0.016079135760985 0.025327088130691483
11.669896180247367 13.571090371150838 -0.027147167240592022 -0.012768371501931141
7.86969538447768 1.6442880817016636 0.022176734770755806 -0.02020377278895084
10.670043915959123 8.124645331623253 -0.022029548939329065 0.020364159043027175
11.736135699468466 10.989452468826302 -0.020348200310086394 0.02204429051116411
5.261287380670428 3.5073043206820786 0.012123852561186439 0.02744106774662045
12.829895090771926 13.455929106590698 -0.02123112199139094 0.021195269731397046
15.699891910439272 2.2931752490016155 0.012094692903563254 -0.02745393238806595
11.475113840341995 14.559688177473882 0.02988229938862102 -0.0026548414733877732
5.470406383322334 5.571661400716206 0.003829093906591633 -0.029754630561552982
3.323594110213446 17.031619381020928 -0.023325955966155165 0.01886530620649954
11.851658390992 8.249011759828823 -0.027058675301172536 -0.012954848163746088
3.8800146859468176 2.109355265837687 -0.021771102512710597 -0.020640230022483913
0.06421041781116799 10.79622895984366 -0.012437560899194377 0.0273003127981866
2.061586824528925 4.501575246612097 0.02537387420603982 0.01600520252218219
6.694388945541139 14.960634642205315 -0.012383809298768703 -0.02732473727690222
2.4477444614532917 13.159586399319032 0.01675159807438234 0.024887425779986764
18.155412665635602 5.206503294957039 0.011851995579277448 -0.027559575482738984
12.449010019128849 18.535361441780445 -0.025568438001857423 0.01569251344256786
14.712435870255412 19.87072652518411 0.014612324378801713 0.026200762894402083
11.791258715856866 17.242725406143656 -0.018269147627663865 0.023795761071220726
0.710104500102946 3.888180004734463 -0.022927419402928265 0.01934769855880095
2.9604450945477456 13.238518316356151 -0.02851820660146022 -0.009311922048451158
8.68047900359717 14.571687143510045 0.026968227871409643 0.01314209593161319
1.5093006924674834 18.010406078435363 0.01186420382511545 0.027554322121876196
16.49546385301493 2.8739187143132106 -0.004136635977607937 0.029713435391902424
11.754753984407113 13.942030159078932 0.025645517122403323 -0.015566227915732117
1.1182136018341282 12.801568847586777 0.029201937493157044 -0.006873634165836056
7.193766648848023 19.10647953000209 -0.016797835055892017 0.02485624141810353
4.196911850413569 12.621467290536213 0.027336887332522576 -0.012356965281531171
15.174059450495964 8.235099719798693 0.01703567661929021 0.02469383976061578
9.063844624820794 3.0571893256577365 -0.021351146877878042 -0.02107435709575214
14.65074003479273 14.477523799785278 0.029883387261078427 0.0026425680321262527
6.922377027437392 3.1240370501204695 -0.029951333444407265 -0.001708105647180789
5.353310221827499 16.704972074539857 0.011462569828216203 0.027723807331123687
4.331303027826216 15.32820361272655 -0.010936105400837339 -0.027935668931704075
0.9307819865215228 15.344442161686336 0.0019646812828113796 0.02993559799731702
2.6745934159316698 3.8383529462257093 -0.01634533263556962 0.02515611458537631
0.6239021255505772 19.835834626542447 -0.014855964560137307 -0.026063390358661023
2.2168875702528923 15.53795221164231 -0.029983700409762976 9.887920598283004E-4
10.158586548622006 17.48444731983334 0.002520315809559523 0.02989394601286495
3.6106519242743107 1.6353413021937935 0.01871282391739643 -0.023448458820069944
7.726856135231898 17.382103895551197 0.029663128132262618 -0.004483171802303577
14.29679979049454 2.2339333170829057 0.02236216532953595 0.019998338975387442
13.421645327509514 5.773497696197403 -0.028952236377071193 0.00785926260957066
18.021295715182745 6.872930754222661 -0.025516669719880536 0.015776551156907893
7.058091480929303 8.269683688197114 -0.029923165250807775 0.00214573562510623
5.507844530934367 17.90277173265331 0.007061489789705017 -0.02915708082010083
0.12209734769462077 8.115047634574108 -0.02126509886463778 0.02116118073920217
1.9507363909128528 11.459997020681609 0.019095214027379997 -0.02313812441077604
1.2503581482088033 2.692063827905784 -0.016707444586638514 -0.02491708842108972
12.129335348082522 1.991599542879643 -0.002687549426995071 0.029879375463310112
13.215469599248696 7.931742205153693 -0.018747059444831002 -0.02342109651941968
12.241053815087888 3.4249934020022543 -0.02000873559652478 -0.022352863347418428
13.353420160746381 13.556421469188042 -0.015693160523893607 0.025568040847341184
15.585020099737758 4.299787288667442 -0.026629213674102353 -0.013816113024255419
12.654543025611327 3.3224761868606456 -0.023804939389891915 -0.01825718654786581
9.523508368846965 10.022351037397389 0.02988113545179076 -0.0026679100644012186
3.706126576770792 1.798140146682059 0.007729385806457671 -0.028987179839627907
7.159644249180999 5.861995522847428 5.91848123815409E-4 -0.02999416136181067
10.126117638078194 1.788014437910277 0.02961448098344617 0.004794008352214782
8.292399066654584 15.804261199584811 -0.002163538243659635 -0.029921883334245895
14.301024045676144 9.32047703786406 0.009575168134100384 -0.028430901413843856
0.7755267382168762 19.77554923129001 -0.024639405213512874 -0.01711431303687982
3.812971936830807 2.104151245698531 -0.024638133315824727 0.017116144037476657
11.685355135020554 3.3549823894789754 -0.028309008514033732 0.009929755130533959
6.0241980691694526 4.429362770289966 -0.025580651667601623 -0.01567259583670906
14.900319102876216 6.632175569032368 -0.027111200572914485 0.012844563188182043
14.432849842868237 19.47217593172228 -0.010413678870008481 0.02813459245115057
0.9572540114631578 12.529347103413501 -0.0013585080896880862 0.02996922514464216
7.6100747249243135 7.62161627781659 -0.023892940442078923 0.018141868620163395
10.457900683713564 18.296160665746314 0.02778703625208769 -0.011308431205307152
3.2008375687011625 16.50217849118967 0.02160532935390349 -0.02081369125141805
13.873223758177481 9.056675395756335 0.029999549596389216 1.6438982262771123E-4
5.482923750240715 0.448126689788928 0.029078326219201426 0.007379088310198136
19.29013012478642 19.728030525093935 9.496405569795838E-4 -0.029984965946496245
18.631023112937008 10.885522438224978 0.024659542915966597 -0.017085284404293702
2.359480256317681 15.265831173497626 0.023324533919976676 0.018867064356063914
10.863858610980078 6.911848368826403 0.027498427836465358 0.011993184169465054
7.267970863093545 11.38487871296171 -0.009494065603818984 0.028458087045871182
12.237862354921203 0.7885917749416849 -0.006116570882275717 -0.029369841004712585
7.7390168004787245 4.4566914772251875 0.023192721676751647 -0.0190288638973727
4.60413800392381 15.47372184253176 0.013299050367248459 -0.026891174376166404
7.576283829414501 4.435504436505755 -0.0189676216755352 -0.02324283390582498
3.2172125207525637 1.0506919606851794 -0.012546007017072971 -0.027250646009361973
11.742465453515123 16.08782541380853 -0.02956122778678017 0.0051121239947888395
1.1626258636837505 0.22792704043137713 -0.005920649666931123 0.029409962725604876
12.997351695501456 7.610544949967208 -0.018341012555097815 -0.023740414032904823
19.0815110573091 17.194778344569105 0.029515974391598684 0.005367239114711627
13.222707667176113 11.469717281599435 -0.006443781750415352 0.029299789704928157
10.977280219893936 2.1711491600890764 0.006543991422096171 0.029277571215309706
11.193999388051903 7.96483277397356 -0.012108752769969143 -0.027447734084178325
12.993131416747545 0.06045414249392422 -0.029947074070540293 -0.0017812227860582526
4.115113842997138 19.047395119259892 -0.029487778511537107 0.005520046961261322
15.187583125930724 5.728821745962653 0.013662332957720074 0.026708437957926254
4.043940873820489 8.161220483814464 -0.011063457560430767 0.027885478421726013
19.184451685633192 1.5444725649512048 -0.02966534441201181 -0.004468483066625588
13.67355395593977 14.625856315608306 0.021210628569822254 -0.02121577798887045
