0
6.4218966705085005 19.888883619640293 0.029235997570372006 0.006727291138727539
13.656745766378023 15.917519666187337 0.011228803214844648 -0.027819309451571482
6.029211623451836 3.2356043282874047 -0.022469328356472345 -0.01987785912036373
4.647488453593731 8.815842965651687 -0.015346931363398982 -0.025777348539504998
13.761971337657439 14.850715391166716 -0.010613218471940954 0.028059928611221578
16.386899422354528 17.616595458849268 -0.022952245156705568 0.019318241179426394
10.164141774359564 16.611305101217656 -0.027865661152122512 0.011113277129411032
2.619876584850409 11.092570859058137 -0.02853419006540297 -0.00926282879640223
15.575093134829643 14.156441654197335 0.008879138596886979 0.02865590511181372
3.514138180756574 6.75652338064467 -8.659335168136776E-4 -0.029987500048261086
1.460427905691315 16.082003021005345 0.02539133460051911 -0.015977488138142388
1.6083700501329412 14.89454951909931 -0.018640736073577906 -0.023505806913084504
0.9117645108983718 0.2861378485975852 0.018800858200952064 0.02337793256273303
10.465473109666657 8.578356216894997 -0.011062521606050752 -0.027885849739888873
13.246073840441584 7.479223351148601 -0.016951807153325654 -0.02475148953571193
4.632046094105582 11.659000368934771 0.014263403191740718 -0.02639233467107146
10.690026974641771 13.143007767498656 0.026933543892783775 -0.01321303195241311
17.652272618191304 18.630122302791424 -0.026128798030671033 0.014740621203748548
1.3867456065951256 10.556710815248715 -0.02540613631267134 0.01595394113258422
18.15229194690304 9.198372197359122 0.0154832683786204 0.025695688360415907
10.86829072481809 6.891481413482707 0.024598554219366568 0.017172976745948358
3.2006503769899375 10.49461360780667 -6.471707105408967E-4 0.029993018688878548
8.09177208528769 13.234541820272124 -0.013282037028753357 0.026899581639252768
2.499887444493467 1.1211779995840665 0.029407910499526627 -0.00593083468424399
7.472125008307275 7.603896836485358 0.012497550144651502 -0.027272903042799116
9.14942786517531 14.614908083199953 0.020804242069464258 0.02161442832728022
6.329905409175238 10.854399112820396 0.02999832023178105 3.1746381134785433E-4
13.854075108822286 2.3075368430684673 -0.016955623966431636 -0.024748875043301845
10.01492713971526 0.5945490989619762 -0.027481510337035643 -0.012031898835819847
4.0862590297011225 4.8161404353667585 0.02520069770779014 -0.016276511758991256
2.8107788319833427 3.00642751740819 0.02276012246392321 0.019544227419553275
0.8320946750080327 1.2664473559316258 0.029303731009775784 -0.006425834491076237
0.6531688783480316 0.4019189003461232 -0.0072879784830413045 0.02910129498202317
9.587029072986976 0.5478127950890332 -0.02524031953613645 -0.016215001378776656
6.726266093936248 0.507626796948446 -0.004020175512932284 -0.029729416221063263
14.079680783871645 0.06510508278277705 0.02547340845405045 -0.015846307510997977
19.092700878258967 17.33693379685614 -0.027993548552757392 -0.010787086697733293
9.093163755840424 6.171713529191766 0.025970959004796273 -0.01501696668342816
12.559244416158863 2.006273716425586 0.02998804258916571 8.469366389427664E-4
19.46006305524057 4.2588457210475905 -0.02030599532286455 0.022083173547925643
7.813372051597247 12.347130313469808 -0.007763713839506515 0.028978004545141735
16.006035147694828 3.796309548333856 0.02562534536754167 0.015599412642603267
18.255538631954774 13.45638637203302 0.02672952435871245 -0.013621032543717007
14.521027085667104 8.863590671228883 0.022492206638904787 0.019851968177306938
18.60501028624728 6.6536366571474765 0.018508916684638273 0.023609743818201818
2.7971603997965655 13.209234701963808 0.028698375890192564 -0.008740893619374059
4.918095379552083 4.350784638577863 0.02055215624330088 -0.021854264429418537
13.876638969012554 1.9009418292182345 0.0285518258884034 -0.009208324409918308
19.70858602156579 4.199909592405362 -0.028887783178744082 0.008092958854329507
4.8274354709824685 11.385300943612151 -0.020683933811875187 0.021729585409435828
0.9207380121475306 2.1208242328339133 -0.02181667306507172 -0.02059205614725674
11.972259718268754 14.409361139052221 -0.029766436013584335 -0.0037362129287808743
3.03215978438075 13.408198811069097 0.010319389118959296 -0.028169313236419243
11.3381721559077 4.8482282383091295 -0.012042613231677643 0.02747681689265011
1.9521131032708205 0.5054217683544082 0.021898591780268293 0.020504918386600953
11.408506890152383 5.053144923873556 -0.0284486959082188 -0.009522168929487384
12.96200726596526 0.07174294875613052 -0.006582257749983224 -0.029268991832872987
1.7212348156180912 10.840069266561658 0.013848663120987866 -0.02661230034704611
18.988732346418097 18.961508525252263 0.01969380090767067 -0.02263082424060224
1.5818555021601943 18.574194713751872 -0.01915658959052083 0.023087335819889417
2.215082136420332 5.417729827855091 0.025510468120348562 -0.015786577091968977
17.695115705207954 7.803093471811686 0.02903269197376358 -0.007556639250127262
18.55929605419872 18.332589623589904 0.013760828784834872 0.026657824201432118
5.8565997461947505 0.3198546602828878 -4.8500230997262E-4 -0.029996079289789212
5.9797643354397945 2.4580869910712155 -0.0040639787568049705 -0.029723460038566133
1.4082985393648073 2.1046707409802634 -0.02491068073248507 -0.01671699690267953
3.9007581420421467 13.011620817574908 0.017654462019604394 -0.02425530809530866
5.814928196117702 3.9433744789320913 0.0028587252069666577 -0.029863484227247387
13.267630676278339 19.702200872501976 -3.4077119226054485E-4 -0.029998064520807426
15.760819102123456 6.236480054296387 0.006766801652368548 0.02922687796186076
1.7198785944707184 1.72892755019872 0.005109967513148227 -0.029561600633500374
18.33889728459169 16.11183996487619 -0.0037709913366979603 0.029762050069485284
3.9497508149960248 14.137687478184876 -0.009037843476077138 -0.02860624731246533
16.379434387958856 13.89514222751431 -0.016486775737378785 -0.02506364350579098
7.262288884573342 7.865448471601977 0.02983768207435264 -0.003116525056830947
5.36011661500722 0.6696866123204859 -0.0047378691938858245 -0.02962351423281221
11.376803845517783 5.092382229303314 0.011903157175245807 -0.027537517122307783
4.701363159637899 9.40216998729969 -0.007650828475138512 0.029008013093695502
0.2543835507751746 15.836092365823202 -0.02532431855443136 0.016083497435374045
17.069995011923776 15.194204043139328 -0.016590610741231828 0.024995032211079928
3.7830905377289414 7.172728312589176 -0.023898350999260954 0.018134740679594037
18.51608612019578 2.846896577390323 0.022942048307436676 0.019330349698317456
16.02161673092134 12.60754812107338 -0.003580300231528383 0.02978559131949738
7.2154252832866845 15.242704220646655 -0.024401111162935824 0.01745238591179007
12.850290395261625 3.930797777867976 -0.014870468063798195 0.026055118106881762
10.08421905002323 18.136832380734454 0.027786266986098925 -0.011310321258798483
19.70008432462955 12.809401552006342 -0.012207567709678274 0.027403928379223667
13.811813238083708 15.829328565324094 -0.01837434326876061 0.023714626487502423
14.85760392157691 4.2441856329773415 -0.027426536330840277 0.012156689717727372
2.597013348600743 18.815682329204698 0.024377694583822978 0.017485079547369747
6.946534902918957 2.1669608721050593 -0.015151969843495962 -0.025892427654852855
10.187397475240118 5.782729125261068 -0.014105624051145038 0.026476996999806428
8.770698647068546 0.6000717650471632 0.01609909941240279 0.02531440297754565
3.25956236331733 16.06003128337648 0.01614816351182192 -0.025283133017793964
1.9152482269570759 17.128710345283643 0.02497595137992343 -0.016619321666894258
19.7298256666769 8.624158245234872 -0.02941813188339555 -0.005879924871216128
16.422648844693374 2.556759853438517 0.011414246327116628 0.027743737685897774
5.6753302755255675 4.691486789547135 0.018648076828656306 0.02349998362962263
2.5084893727150037 8.580848589969353 -0.007113754227998339 0.029144373398370324
13.037993414918393 13.468767007111925 -0.007326973486716742 0.029091501500007694
12.61585712369545 9.613042992678016 -0.02701111891819311 -0.013053714214246852
15.479136489655914 16.341862831980777 -0.02104372069916719 -0.021381342781393364
14.020539649331845 14.435902708605814 -0.0290291054769279 -0.007570405220950496
8.38918019285521 1.1912082615082498 -0.029351186635925494 -0.0062054688028438795
17.524715211969728 15.547768704080058 0.020725202387267785 -0.021690227891997576
1.3102862118106406 4.084746711578296 0.01865544561143219 -0.023494134353895555
15.28357476432288 9.651930545825891 -0.024855128061659997 -0.016799482403886193
15.513545589197722 4.7099084139713865 0.02663625084705611 -0.013802541099837473
10.204545324943389 0.9990225096270611 -0.024763018884854906 -0.016934960753078796
8.237036775955414 19.897591781853876 -0.025447809341679815 -0.015887384923564778
16.286954308184992 12.883367596336274 0.02937203326619702 -0.006106034868015036
18.62508613442192 7.732665720425418 0.01923946183284963 0.023018321146041958
10.31314677730845 12.634361156547795 -0.022677557083116504 -0.01963996957080108
12.638151468145889 15.244254404022584 -0.001711816312069328 0.0299511215969241
12.979753344462653 6.484094109074061 0.02842683939923452 -0.009587220753175972
7.490173334662266 3.6694974460282093 -0.016836023751848773 0.024830390738512027
5.327048963052863 5.720569481006432 0.018637289050523663 -0.02350854008328103
6.316796816715935 5.86866530481786 -0.029467609989087033 0.005626718540237995
3.5796654095135683 10.9778376630144 0.026108296848852897 -0.014776902099295974
15.021844878760906 5.6569647784531085 -0.027781803307540806 0.011321281066253706
12.585364158774645 2.2334467631145305 -0.021858261548707673 -0.020547905053028826
13.266593443419936 14.56612571987067 0.012612937485540992 0.027219731960212885
1.199668301736343 6.380553543527084 0.01163415111448183 0.0276522427272256
6.4700234363155325 19.75145391721567 -0.012615699472478705 0.02721845195487981
19.419896495694225 8.855155213570052 0.02036078582362605 0.022032666671205018
5.029145200197258 0.24947933279885648 0.02606942743414676 -0.014845368074108373
19.96714715893189 10.903960488023987 -0.021491499182212374 -0.020931207870091128
8.734899214509408 6.3372040903554545 0.010002843435476572 0.028283265780410564
0.43096514442240164 8.288695077400789 -0.003424394050863594 -0.029803917953591438
9.976912013621302 18.0532080714979 -0.029915635170334274 0.002248282089831928
6.04842705803039 12.588932232206435 0.025524346520998036 0.01576412809755159
8.662719643885005 19.65813155344987 0.009276620887927465 -0.02852970916258467
8.644164565496599 3.276102080103249 0.028208389568790376 0.010212088813526756
8.12481630491106 13.519272501755157 -0.02947925890163231 0.005565365631342835
11.104964958268852 1.3119876619965498 -0.0021260003846952564 0.029924573887764476
6.390273115120875 12.120788734269983 -0.01138868300771169 0.02775424110563751
16.834076374935783 15.53899923836325 0.029036796191306346 -0.007540853197386703
6.2185132341278475 14.084301925038972 0.023913666522964765 0.018114539834851846
3.6957331127539406 7.377645518200544 0.02059117253288731 -0.021817507046426432
3.886387694713047 18.629085028692995 0.018429597382944595 -0.0236717118160593
6.726722148171298 1.5671579340814978 -0.010975671210923096 -0.02792014759039991
17.86677706018308 3.138519844933696 0.013670691166912627 0.026704160781026186
4.003588921865897 18.553944207496695 -0.02357502043924336 -0.018553124030449907
19.795779776434713 16.699662746392644 -0.02895678279112264 -0.007842495163386694
7.09333324593892 3.762761812881932 0.012428373576676746 -0.027304496520510375
10.379991502029675 5.852573175666973 0.02805620563812297 0.010623056301806785
9.00173486223796 19.92795546307294 0.023185636918220988 0.01903749565190831
9.522641878242448 10.470116628099413 -0.006176979154853012 0.02935719551524824
6.923788054162923 8.9050926084001 0.02366543816587199 -0.01843765268187058
3.7462614613670686 1.7692071016230093 0.010809080370854127 0.027985063543547937
8.789623779069407 0.3526611466218088 -0.02123515144288886 0.021191232696508598
14.198372804643295 10.950516949862548 0.02376208905005401 -0.018312922322155558
16.918859284894353 16.232392061198404 -0.02936180810400443 -0.006155016235853474
17.82120112847258 6.832528217489397 0.028373283041120315 0.009744578465407024
0.31597362019412767 15.526074859275418 -0.006846442448922391 -0.029208324597511468
3.7598936216134438 0.9819847268906012 -0.029051513540770697 0.00748395356682661
1.4661788874530535 4.6446852850891425 -0.009666843802263469 -0.028399861459215612
1.326971922243576 17.07835138289208 0.029980498390736996 -0.0010815342079732986
2.069816713455428 10.888046950096737 0.028493537099587903 0.009387137133035165
17.82201612159884 1.3543413397351656 -0.021945739634375665 0.020454449684608796
14.065627060850547 12.613378531988936 -0.02832792123694956 0.009875671035083246
0.6506876166789088 17.634932238953095 -0.002124858835322509 0.02992465496760074
2.5587991325468784 7.539696715434607 0.016149930505525118 -0.02528200436410668
3.3593733467870845 14.39814442718202 0.006831749163428836 0.02921176481091119
1.8456210633685055 5.3404799420840465 0.02054261899365517 0.02186322951627956
17.70183165559322 13.984155766005726 0.029766204280580254 0.0037380586842324696
16.50722741359537 1.2849674184622462 0.0129689752608832 0.02705190715425808
0.4204425664673095 13.10469612881018 0.02986544710943679 0.0028381453369117206
19.36256487841195 1.5423200418487615 0.010103472856912954 0.028247474864660435
4.232854678249717 17.6090361499715 -0.01772244875715925 0.024205677227664268
15.694633769456294 18.663319845444896 0.02383864101743003 -0.018213159924683645
16.17822533365372 7.44089464379252 0.0022493707711532945 -0.029915553331567864
8.301502349891292 6.939682581349205 0.008609080373985358 0.02873819296883957
5.046664300812891 15.204160131738858 0.020621823038271418 -0.02178853860584087
6.218927101307017 14.487111667088904 -0.02547761043952939 0.015839550697276196
13.57918465828746 15.014080998003987 -0.003517835905674412 0.029793033255121035
17.996795933552484 13.11828416137782 -0.029821185491432627 0.003270610934606591
14.409243988927631 9.551497291026028 0.028831805888987778 -0.008290173048840999
0.7064550289496774 2.916750207503256 0.029992798315290115 -6.573045095923955E-4
3.6840628162279088 10.60531166701406 0.029874176635182978 0.0027447350272635173
1.867438173449989 8.880576997390186 0.029996755914288756 -4.411741363479862E-4
8.755165469043325 0.964770302850606 -0.027044346031761743 0.012984735180754858
2.6046100671414263 8.50122166323059 0.009363039383990386 -0.028501464760496868
10.50124407117501 8.327773526789183 -0.018642698877528747 0.02350425022334872
6.912376715843278 16.541873431423475 -0.029674168319075715 -0.004409505025642123
4.4183005871804255 0.8813645458613673 0.025925972841029845 0.015094500066122849
0.18087470375893755 4.881150561169871 -0.02928217318340111 -0.006523368275462071
13.695349453887864 1.2803367878499339 0.0047077146927349605 -0.02962832128845317
17.337026812585158 7.830832343417162 0.02895856318420381 0.00783591847242399
1.6395556867100236 13.73154225206704 -0.029883318826330878 0.00264334180987976
0.2154855221313401 16.99605598330352 0.023316037944016633 0.018877562729154855
8.010783137718494 6.554515304309774 0.02841804872687111 0.009613246410925865
19.18291194698394 13.136368580682243 -0.02983124440323086 0.003177555248096771
15.497999575680241 9.640500044016399 0.011948714856449964 0.027517779948230778
15.61318956118798 17.657014661322968 -0.0021896091594547197 -0.02991998682701635
8.581989785400765 18.31640263305915 -0.018877166462093673 -0.023316358771523604
0.5081688694801301 13.800080297276352 -0.028769236625006297 0.008504764783014058
0.6812747885859327 18.819590175799984 -0.0011360683510143318 -0.029978481427547717
17.272827484098833 11.240467175755967 0.01845620116887 0.023650975422045528
18.50920239910938 18.423414461520224 0.027398998909429966 -0.012218627531807958
