0
10.545824541611841 18.43273212528279 -0.005847253450501391 0.029424643193853676
17.713468922135554 17.895316456807485 0.02852118302584502 -0.0093028016643509
7.179713324804224 0.6046353554359762 -0.011336429975778915 0.027775625202761167
17.255445661186823 4.461799307289169 0.009644476715545297 0.028407465020365764
3.8661833170797633 11.70161997751947 -0.024407442668401315 0.017443530101120673
6.79936470186356 15.630216224170155 0.0017312701851639615 -0.029950003398096007
16.255343121116667 7.5180121595129945 -0.023669781802840222 -0.01843207610134935
14.867418142306475 13.067964513017753 0.0042580895742946765 0.029696273725457255
4.465066468376728 17.31384018518838 0.021593836995316258 0.020825614128272687
15.109863238579791 11.628128872113654 -0.0036343284252159 0.029779047279885697
3.275815978605372 12.9076361533448 -0.029890578642855922 -0.002559943045312802
16.993663655314077 5.403358872817248 -0.02109276397678677 -0.021332962940472343
10.990069252906968 13.296761564260176 -0.010781950817212616 -0.02799552708157516
11.698939290638313 1.9480296886927073 -0.021399870353271476 -0.021024879282963135
17.067225610757106 10.323064334941376 0.028795952828322372 0.008413863601760658
6.226286458551988 7.870228761546456 0.028266368840656413 -0.010050492155311008
1.0573817058212809 0.1897653386574949 0.012576591185265756 -0.027236544460681782
13.236878129268463 1.6346800460501099 -0.028633909829788844 -0.00894981607964776
3.881901561907799 3.56493924146551 0.027681244275886325 0.01156497796533615
13.381611515263936 19.06773220576697 -0.007596192957384711 -0.029022368141731283
5.524232394250259 3.362928076080347 -0.018614545514441007 0.023526552983614155
12.173218623247523 15.219998125994568 0.0205620150404938 0.021844988841253885
11.267305713962967 3.550153849337423 0.024669519709115913 -0.017070875704589424
0.8512438463964389 16.612480337930297 -0.02997684094529835 -0.0011785613858786182
9.49803339311099 8.636284446025646 -0.02848318078120574 0.009418514351273881
15.906875900810109 1.3469898312778827 0.023597105563072013 -0.018525026559906354
7.736267345262393 15.733146142924323 0.014397738933941365 -0.026319291662012276
5.382847254915211 4.1677586607657435 -0.010593206840610159 -0.02806748953561843
7.064034579849096 17.727363713622907 -0.02994240918303375 0.001857991473547709
1.840758576428554 9.572274137149225 0.029995034851050043 5.45787764880594E-4
7.84731321551549 5.441105604862693 -0.00523632410690111 0.029539480527718934
6.77929433541463 10.926917016155668 0.021952303430696533 0.020447405069754673
8.060953486353835 11.558629248671082 -0.024744800212358187 -0.016961570164653925
13.764603445128643 16.875888358913404 0.006162961803356253 -0.02936014137926403
8.339021461682602 2.1722864247645 0.023848814245009658 0.0181998367879227
16.758739602424193 19.95656451360174 -0.009997964471482539 -0.0282849908330721
0.9567099579769067 0.3353329728536325 -0.017934839044891838 -0.024048732782286537
4.951166089567087 15.25471192295396 -0.025585209406735736 0.015665154311831117
1.3724702537145506 16.973031069411253 -0.006102177189776186 -0.029372834959271045
19.34707347884585 10.340367292751617 -0.010950718106055461 -0.02792994402002462
15.97403950628419 19.558224937193987 -0.003616230404607927 0.029781250438166443
12.667298914845489 19.998515642045803 -0.026941514596817845 0.013196772000358686
15.72101662827553 19.45050972828637 0.012796824359165586 0.027133766533982452
0.678129166576138 10.974399924581377 -0.029944262037727896 0.001827887035866211
7.08842722712504 0.7644406232616308 -0.019687608616467095 0.022636211409262162
7.492866406685836 0.8452842954316364 0.001301266132687357 -0.029971765154089954
5.906797890640534 12.794586176226616 0.029156600080347823 -0.007063474481773202
1.9559060801614603 1.1501583117142644 0.02651111494359216 0.014041395388195729
0.3684489971933447 4.7938174826499775 0.022055999040642232 0.02033550850898961
18.906842322359665 5.185127740298365 -0.004181603081730946 0.029707140482834397
2.8184953637151056 16.373634144504955 0.012928642005382398 0.027071206398988978
14.586998589670426 14.721502235930586 -0.002911734067682788 -0.029858362391783903
19.35127902442608 13.756781541108897 -0.027983227165636674 -0.010813833612386204
16.041351860292743 3.829747216642909 -0.012929228019865874 0.02707092652293813
17.25506965903454 16.035523838723595 -0.012252304286849858 -0.027383955880450155
11.120308447478353 10.686943424956484 -0.029188479999906897 0.006930558079623534
15.74375625115983 15.633860757582944 0.028628534462850956 -0.008966995846400013
19.32081831402955 5.587083687989325 -0.026622153659972867 0.013829712018143875
10.12532185406146 12.186418403817989 -0.028428463935653348 0.009582402530642142
9.635030387782393 3.4288599734331116 -0.008413720314481097 0.028795994694916997
5.712080934516035 2.565783415099836 -0.029981273962243305 0.0010598167770475811
14.89478286993113 16.97842044217555 0.0012456083640758715 0.02997412984230475
9.693292937995174 5.036409480930503 0.011452630514785197 0.02772791471228608
2.5968171921696936 0.6363694581701473 0.025441314110490835 0.015897784006940714
18.37085797985709 0.3970330579920489 0.017389666784077305 -0.024445848096123778
19.33937464455044 7.907889847138481 0.026727699852272795 0.013624612310330773
7.294679568238285 5.092442410806781 0.020998959466403993 0.021425305163015114
3.9559190347986606 16.09875020886531 -0.029748259476585655 -0.003878280303656732
3.804851937204645 12.914621509601616 0.013429352667077035 0.026826339424962004
17.043816075105266 2.9419621599033285 -0.02965603941003066 0.004529826322355862
18.359586567220575 5.04538087347155 -0.010626729285620883 0.02805481464366014
0.3900102712529274 8.091456077890145 0.017699240423729248 -0.024222652382078814
3.0544991935142107 19.477771487336483 -0.023071293347179042 0.019175907365452414
7.014742069734172 11.079176632932878 0.003285732591895622 0.029819523157397314
15.362103070149683 16.639463444251085 -0.005710457114272168 -0.029451497067993986
14.098322696591474 1.9869294648734614 -0.02540378742031493 -0.015957681056577386
11.968848782875327 9.363083254935782 -0.018218552957802742 0.023834519674701588
9.522539961178577 14.488014993066255 -0.014913969898714022 -0.026030242063036065
3.4773404693770593 2.92882231463256 0.027256601403547694 -0.012533063469404514
15.43260333298776 8.007564796450046 -0.029966685098065406 0.00141342995347647
14.677287044832543 10.153684425981213 0.005979236541668616 -0.029398107598598497
16.080298139703682 18.66347935551492 -0.010006457585304749 0.028281987316903616
18.26172804613151 2.517126145781101 0.003638934457154668 -0.02977848478375843
3.904324897019129 1.6983467955396292 -0.01016174204617359 0.028226565476285416
0.6540355017155708 10.879753654233383 -0.029592957045194282 -0.004925128761899141
18.687383510186393 2.8005942547188534 0.01652527164644695 0.02503827863514456
17.582520474916628 7.942828933000188 0.02403437622906996 -0.017954073612401075
5.736492876716897 15.73182568928194 -0.025112556193693628 0.016412176011077254
11.947081629815726 13.371728013989994 0.024716237325033075 -0.01700316477872992
6.086045826115196 19.905703639135666 -0.01866598336732729 0.023485763026366863
17.307622481289123 5.313901812886492 0.029191164905924712 -0.006919240668968622
15.132276173922044 17.068259969340147 0.029014361960677006 -0.007626716201276874
14.115857406455405 7.416397935269556 -0.02435651505215587 -0.017514570349115174
5.970883748590157 1.2640959716098799 -0.029898926440213195 -0.0024605279357731726
1.9269992015415727 6.6123387508100295 0.006458704531669693 0.029296503814834104
14.811621686790106 13.278909941074717 -0.00587555786630031 0.029419004397833664
5.7696239037237635 16.810013874214558 -0.028336528173610466 -0.009850947724263906
2.6573845480376246 19.35514433131621 0.023907684253609902 0.018122434539258048
7.312087026729994 9.78013109639191 -0.0030067536950257007 0.029848943569537753
9.120900162904611 6.0006244308239935 0.020452431158771902 0.02194762082084744
