0
0.6047634977776173 8.070271456704742 0.028088843608115675 0.010536454088488176
4.407230438042444 4.01340323162815 -0.0033564276422152718 0.029811648620674657
7.053978852065939 2.7838879643408756 0.021581484312213867 0.020838414884094873
3.160560950958434 1.2723101601223374 -0.0294952432574303 -0.005480020546039259
8.881399897914598 9.055738029103804 0.029941922968476458 0.0018658105342777762
1.0509676506787236 1.709026835285048 -0.02320106722889471 -0.019018687637171707
4.052910594754016 3.790309815287165 -0.023240623510391488 -0.018970329961501418
8.868534423100982E-4 4.632814814079995 -0.029337857422413863 -0.006268183298382055
7.25525332603166 9.572620933411311 0.012002858573857913 0.02749420640891396
6.379864456412268 6.245011808954251 -0.018812348010217535 0.02336868764698746
8.568685437911483 2.787911283002298 -0.010151478939514824 0.02823025815221297
9.314185559409243 6.385304275247572 -0.010368927511273296 -0.02815111618152928
6.97664369606904 5.801102727390156 -0.015235882268376164 0.025843140124686487
0.7468960948516423 6.006657735358553 -9.562301392374102E-4 0.029984756525955215
2.981620380803789 5.631414189736182 -0.0289878586793337 0.007726839534180713
7.866697422142076 8.63881927790494 0.028897580270816983 -0.008057906334258855
2.477357124374043 4.149410459144393 -0.02999422986512438 -5.883662108591322E-4
7.4985434098775805 5.722659657010405 0.015672020851408276 -0.025581003937160562
2.222688613164631 5.107930257513119 -0.012346339031641451 -0.027341688179696712
7.572788930164252 7.2241477105144645 0.009869301159761503 -0.028330141097741294
8.359817751232278 8.023257670755857 0.0077694243340804435 0.028976474000764803
4.748216758263539 8.267845657953853 0.028160969644452683 0.01034213656282949
0.22612096637916523 7.745891681294238 -0.028305390609380938 0.009940063503336852
2.0107004999388502 1.7846079797957703 -0.023360064645824092 0.01882305447431206
5.7491396188620705 6.667289330441547 -0.008926729519299348 -0.028641115552458313
0.9259368816950042 0.18456906474736967 0.02599076523150155 0.014982660734361239
4.733382477820173 7.034819268605438 -0.02540486079679962 -0.015955972170169815
0.982583055140096 3.90112919420209 0.011249666531494302 0.027810879218934756
6.807799845394604 7.395359444531139 -0.01976891216114749 0.022565241234359424
1.8810629338207252 6.079917754750131 9.662911456680686E-4 0.029984433985349855
0.38595959976112315 6.330766766263038 0.00192008282067219 0.0299384916447332
2.93175398785537 4.702736169123078 0.0146505545879401 -0.026179405078530477
3.097444063729944 0.42686747953676996 0.029182154304688172 -0.006957145257745408
9.121505213158827 1.7531728124250556 -0.029317366968074222 0.006363331993481902
7.397916161176531 1.8414288301653892 -0.016921821175370298 0.02477199967925055
3.55548812322633 3.5795712719188066 0.005322339614371081 0.02952410372948341
3.7945992309348133 4.384266450401536 -0.0034348971937736093 -0.029802709294092813
6.516999125310793 4.04271412652353 0.026243058088672572 -0.014536227232489074
8.890185202913205 9.141529814058986 0.027558972635253934 -0.011853397288934713
8.41455241441173 8.219087827352343 -0.027972629017847202 0.01084121883507074
3.5268313323334533 0.282251379132088 0.025969521367443925 0.015019452717921294
6.475652550401373 6.953834005866558 -0.007983792674404869 -0.028918144036782844
4.197086821323989 5.663259602727859 7.790795083897361E-4 0.02998988221249972
7.7410853386550915 3.2270794728962695 0.029897701776130114 0.002475364317749233
6.793159168648409 2.5520191486792596 0.013892474733697084 0.026589455537366462
6.222128707332695 8.63868761846122 -0.022820495463793427 0.019473699874111843
8.121567284013704 6.538158311640759 0.027830924070894898 -0.011199985060708026
2.984307387203059 0.07371463270043233 -0.0141447324162143 0.026456124902821582
6.56729111819789 7.294392203671793 -0.02617628056554404 -0.014656136453851729
0.3624588968314868 2.2468734282976044 0.029990690005248895 -7.473372793216923E-4
7.219182902048189 2.0359972135448015 0.016946809569891298 -0.024754911540981937
6.908946119285063 5.020766742964335 -0.01479752451630762 -0.026096614113506656
8.754525719071832 0.5434784022619576 0.029773323470203963 -0.0036809250927724332
7.414623227643405 5.549903627812677 0.020847690547261696 -0.02157252416490975
3.731856964198964 1.6528375731680056 0.0283956777136574 -0.009679126364610614
2.274145929613043 4.039745466222686 0.0026847264874664775 0.02987962924280514
1.6829170808937122 2.847936791962067 0.022149888695528246 -0.020233201199407625
5.415680216624485 9.565088328254035 0.02045816452238703 0.02194227664521037
5.770959246638306 2.6445951218747608 -0.007823736086519904 -0.028961856875008653
8.271022519948326 4.521645602917487 0.025718742814183515 -0.015444943122520191
0.7565742679245813 0.9398094310100247 -0.017128123043911984 0.02462980716515278
5.085362788490038 5.164125723632418 0.029301272619102505 -0.006437035257091095
8.765273748290367 9.484076313298115 -0.0128173031431547 0.027124098881556907
8.984917303385433 2.807555434894766 0.02103670736320367 0.021388243109590192
2.783730060113536 2.661264989685873 0.02865890880346562 -0.008869438888376236
8.332700903558333 8.84895255975734 0.010637078462919846 0.028050892352538208
8.042932261853116 5.3385920603360475 0.029215662284341064 0.006815062529964857
4.1737913628538035 4.2353700974235 0.011906756583718418 0.02753596099024107
2.3144774061286597 7.65749713438717 -0.01050785555035804 0.028099554653638368
5.136373702493734 4.512177385969629 -0.0293101543746821 0.006396471725279778
5.70740856106473 7.22189893972415 -0.022490486367414235 0.019853917068355917
9.617094633691746 8.501380593285768 0.01687929192101971 -0.024800998049372906
3.582839032006613 3.6194048852313343 0.02962909889054393 -0.004702818190656369
3.0111286291849004 7.071685047978909 -0.029802990663945584 -0.003432455022978796
6.696186938829822 2.9683531536163166 0.01830439795994393 -0.02376865615309373
2.189834610515896 7.676520216702367 -0.0297400877581657 0.0039404543058640645
6.345104229616956 6.0725805146128 0.020300648587368107 -0.02208808880216188
0.39175293416002566 6.378763801613806 -0.02988919753815142 0.0025760183472489503
9.076727945439401 0.6088070376344235 -0.029573150662691273 0.0050426937128644584
3.654457392563113 7.195566519822916 -0.012090104789612751 0.027455953201012396
2.0411253467546633 8.859510038924133 0.02729524342875891 -0.012448682105540064
8.322718343322622 5.746374037901399 0.029777208238999296 -0.0036493656286089604
2.237877144160522 9.096920574828749 -0.016977161547791438 -0.024734105720243694
6.9385476436381275 1.5536125697597558 -0.027460933928338524 -0.01207878751296777
8.277538926220888 2.549795757967046 -0.012034156059375682 0.027480521973546855
3.8357629148787566 8.828944396280901 0.029536603704753868 -0.005252527162073518
3.6758703166608053 3.6411919762026512 -0.004776690022813032 -0.029617279288043297
9.379244857120641 6.297638344854656 0.02941456409054243 -0.005897746973495195
4.641640442985872 9.038588207425379 0.010909526820226959 0.027946059195506415
3.3293128331562083 1.4073434286456377 0.015516596922539826 -0.02567557633128081
0.5526124035314484 9.142163511359826 -0.01252743047782928 -0.027259190846816307
9.065659097007522 6.192025893583689 -0.02064918708314928 0.021762607215246546
1.3019028288902812 2.5563132478053907 0.026443045273047264 -0.014169169230677316
5.132789446237918 0.8924419029942088 0.02993939867013526 0.0019058875283455238
6.119917604245786 1.4158913333065726 0.02882447782653359 -0.008315616515188357
2.998466971001231 6.165380013983437 -0.016812776449319555 0.02484613748785122
3.735901609435465 0.21316901614674366 -0.028903730248780374 0.008035818421650543
7.245486837447174 6.057950960651466 -0.016154951844149886 -0.025278796073254717
3.456913261702159 8.003911139830528 -0.004274975488403712 0.029693847587901896
9.311253394288856 6.812030168977713 -0.023710460011115465 -0.018379719422812045
2.248670708262215 9.039756502301788 -0.0290057781515493 -0.007659297214699597
8.983844863904203 2.647975740818065 -0.026934440543639825 -0.013211204055691936
9.75883310125871 8.42657367628715 0.020145884073302183 0.022229335458017394
0.2610589256171192 9.825108074194997 0.025740930394877362 0.01540793634482174
3.70427591494382 1.2605976227527371 -0.01045535183029218 -0.028119132598727257
3.952583984785971 7.077004632886725 0.0226340888474238 0.019690048807631873
3.643927621655946 7.730761138730785 0.02592963476224326 -0.015088208677529143
8.09598060335001 0.7791044256663793 0.029469230851526737 -0.005618223297397905
5.090668538569871 5.250191663238518 0.012882264310548307 -0.027093306668496065
6.374309251400395 0.44980677029729965 -0.026651871416963884 -0.013772354554455225
5.611252205434943 7.114640297126952 -4.501676271549963E-5 0.02999996622483223
2.245568050314475 7.158332460121246 -4.2974546904347625E-4 -0.029996921822611006
4.1726363556599235 6.271640110968356 0.01997936766748393 -0.02237911677451766
3.3688312427094735 8.5759836154999 -0.025829045939851136 -0.015259763623236744
7.885592307366971 1.2812460227386713 0.028539549386990673 -0.00924630308758696
3.5551427413507932 8.443733869991428 -0.02994944610774073 -0.001740884211983541
1.559938518019126 8.685773517204895 0.02998579632757808 9.230485366462237E-4
2.267591652515021 0.5386833604288854 -0.023826735097910192 0.018228732665054218
4.426812624902708 3.979329706458512 -0.018663370264572543 -0.0234878396275066
9.498062382807348 2.4239847250861457 0.018598090801778714 0.023539562836399363
1.0274832462675543 9.844092649650996 -0.02220751683772957 -0.020169932967215278
4.48022156222497 8.69925308982871 0.026695750142639762 -0.013687107960476862
4.859428304207722 0.9340494547551592 0.02704036763324602 0.012993018058130334
3.450343609918037 7.68786955518938 0.027125820731227216 -0.012813658714720151
0.8716592481761387 5.341736750028893 -0.027302518920238574 -0.012432717346180377
5.799403997168554 6.779371139652936 0.004789776532735739 0.0296151657224209
7.494210807519766 3.0517160924844697 0.02897464028833931 0.007776260036890765
1.1999428779355836 6.4834086529632895 0.015357893260407898 0.025770819051825218
8.471712147387176 5.707076356548756 0.004435616786572918 0.029670276434888038
7.3368490320353565 9.85946024975559 0.013978175701568374 -0.026544502332047654
6.467158466296453 2.401956235276228 0.027388756876720054 0.012241568394120085
8.88838942699425 4.79524353724888 0.029487073150262565 -0.005523813631094403
3.047310206254984 5.9424190863560336 0.017279616478812973 0.024523761015495464
1.5273318501399558 0.7669610595552934 0.024524534173626586 -0.017278519136969518
6.312176903523968 9.037284345470653 0.024429388958402836 -0.01741278137228701
8.5453539160352 7.595293919012014 -0.004834378845692913 0.029607917542041298
7.863219642337391 1.6057108702794876 -0.028993924527134948 0.00770404702184523
3.819387450524081 1.4002970965262829 -0.024927424428085546 -0.016692019391975434
4.012332196000465 8.20422656051123 -0.027999755451804307 0.010770965353168443
0.2771274101883592 6.762721171716603 0.019147533619263284 0.023094846964186237
2.8292662541801885 8.336003748600918 -0.02885633452356429 -0.008204386501387627
2.7903904506469477 5.044136281123698 0.021944091864482825 0.020456217447102448
3.740548538509012 4.931773524446137 0.010130929635853771 -0.028237639149075115
4.0078736964408455 7.1477460220871745 0.019225577316331625 0.023029919167330028
1.5785341413675935 5.875849091493387 0.01562401608612099 0.02561035183945415
9.480396108253924 6.6788200177372925 -0.009353247417187528 0.028504679664098573
3.104148343586517 6.352079515467994 0.01842349755294885 -0.02367645957309681
8.447912185919076 2.669883568955853 -0.02391026338473774 0.0181190315655244
3.6790107967725794 2.731670941923806 -0.014949109117638687 -0.02601007759674953
0.7332535049450284 2.671589457511728 0.022520933212286865 0.019819373533179963
1.7486366749999338 1.414973676451431 0.02970833857206644 -0.004173082707959329
0.6761758246475391 9.194676956185553 0.027878363691322905 0.011081373466061355
2.643658183668307 3.6385633400386306 -0.005901436483803262 -0.029413824087113117
1.2651437635439589 9.059512900195497 -0.02091032275992865 -0.02151182005492817
3.654659714647109 2.9019751268148806 -0.02901179216159474 -0.007636485813018317
6.3743830813600875 4.224023129825364 -0.024163501133245783 -0.017779910376141655
3.8511535564507318 8.958841105591816 0.013361536060494226 -0.0268601815724338
5.049842827409612 8.89377770318086 -0.002956700575983154 0.029853943151684013
3.3780686825170356 7.82716408517274 0.0068853180015748 0.029199184851930196
8.338346882400968 5.163703212707283 0.007846602878129447 0.028955669967606183
3.3743088937301966 3.0440720201096028 -0.010784900694152116 -0.027994390813469706
8.416635572454258 3.812278924478317 0.019935691706928153 -0.022418032834446378
3.8365516998926505 9.43138105932736 0.021884146381621505 0.02052033472309266
9.417244483157587 8.097742124544409 0.010027557476261701 -0.02827451310032178
9.035442992406724 7.42820328816165 -0.01527654101480735 -0.02581912652710987
5.00096606874889 3.1422006393929247 0.009131078324454183 0.02857662346451524
9.037296455478955 7.032881957122764 -0.0010616819202775643 -0.029981207972664403
5.494549426598423 7.602741765377148 0.011027884296223912 -0.027899565730475053
8.76774820325884 4.494789068075978 -0.009520697759833139 0.02844918828659103
6.369532242109135 5.4065527827867035 0.019292539768132045 -0.022973852730768594
9.368676403281475 8.991712908200283 -0.029808217039882137 0.003386767913997073
4.524733437516442 5.1763425266239205 -0.007568898768830805 -0.02902949829788988
8.558957916038178 7.974211908384092 -0.021745799898052857 -0.020666886238469604
1.7606884661434108 2.1183917116497684 -0.013788362408760916 0.02664359326526114
9.74495611444391 8.976704481305369 0.019500015268007178 -0.022798013171052577
8.977717813972816 9.332489511617077 0.0035116667741411397 -0.02979376103259528
2.8883846523388668 8.277189521803127 -0.028070568035580445 -0.010585046535554263
5.937648180345279 2.1937176483554834 0.02482354824388962 -0.01684611090380461
1.9965361986880348 6.593134692574055 -0.01760004360335306 -0.024294823834719835
1.3184645149571084 4.332191178671092 0.020452564619749022 -0.021947496451189836
4.640668703124336 3.258739969354915 0.0033086856224706367 -0.029816985083198064
5.646128908698035 7.198808094546565 0.024082025897191526 -0.01789010980086474
2.4392697377429995 0.23573990154132862 -0.012761615226130717 0.027150343953994186
5.36197160357612 6.871973171530175 -0.024209444550517618 0.01771730212406541
8.989338604571985 8.532174752760843 0.014895814454076919 0.0260406357785234
2.599715749947178 2.970014093159178 0.015629113224044935 -0.025607241550584546
3.5348986126218964 2.7759066399107812 0.008541196890112946 -0.028758441468277187
0.49433618884545116 0.8432520037200186 -0.028622213982498708 0.008987150089992676
6.690552729033936 5.915578916852411 -0.020031516485306152 0.022332450543970938
4.285365135415155 1.9038070699555987 0.029297570534850704 0.006453864017427685
4.970672753278187 9.373504800445415 0.011323060614344965 -0.0277810780626647
0.8384390749352555 9.504358918083716 0.0019925855038284666 0.02993375357368221
6.612156340666974 3.9936261548766714 -0.026655692298713167 -0.013764957975828458
3.1881051571709937 2.41213265825262 0.020568879409508096 -0.021838525587527968
4.339734004506236 1.3229697722949652 0.013446130882601348 -0.026817933631955206
7.468190315619468 2.0729701584597118 -0.018930449379916114 -0.023273119392862522
5.145453905912004 1.1154692605784988 -0.028342105222390897 -0.009834890521145756
0.27813843358065804 7.672897844791495 -0.007841673719474055 0.02895700525395038
0.894856915998189 0.39988509687719165 0.026231075650821833 0.014557838788805904
8.738173155205192 7.850207920087589 0.02097884933193836 0.02144499663576167
1.4068616614565022 8.42483567430821 -0.0023937790085069685 -0.029904344534840272
9.785183581046455 4.877671089502567 0.024102304222691797 -0.017862780611002674
7.5766611457781465 4.668449988452281 0.010203403328073435 0.028211532402984775
1.6959081462512005 5.528695297157902 0.029953270436981642 0.0016737951275593481
1.83387266176688 8.731351031656487 0.0251506324875703 -0.016353766706027496
9.40404138817281 8.688455278664351 -0.007723753723123738 -0.02898868103975295
6.683416747655847 9.141860861582192 -0.027710087447363512 0.011495697180226482
6.381850877581975 8.315364910887249 0.0299993587892297 -1.9614340434153716E-4
5.914530986359515 6.1824989193526605 -0.029707702637079253 0.004177607452462985
3.1320053828378667 8.56264950767158 -0.009654298263218872 0.028404128661953514
3.153090157662678 3.056777783577803 0.024508130742501258 -0.017301778160306664
4.5976339353272175 6.915833238494496 -0.02573308610567081 0.015421033670870821
6.361874675782638 1.7835224419334061 0.022830887029335563 -0.019461515805653914
2.9328810618423153 8.990082028980195 -0.027609075434339415 0.011736223995006055
6.4692842234595895 9.829685970840746 -0.002395064872333525 -0.029904241576360267
5.435942017061683 2.280670360210192 0.02313423289945489 0.019099928485567134
2.054581248816304 0.8379593091737914 -0.02832944531410086 -0.009871298202129687
0.3540179707292923 4.508268623429702 -0.029953658612071922 -0.0016668340503630129
7.68124768536551 6.007100563820066 0.004553358785456904 -0.029652435376725846
1.5158120359775495 8.304912980585703 -0.004267254468159161 0.029694958146189995
0.5123032941679317 0.3443921676555073 -0.017087940355590733 0.024657702537012112
0.09189959145177062 7.621808191498399 -0.01880768101416431 0.023372443921623673
1.944142785972216 1.7032096318810963 0.02319936735796659 0.019020761135930243
2.4550346730467973 1.4006780721727952 -0.022616602083945895 -0.019710132170446093
8.558956947243995 7.285391757279384 0.0016454859022627531 -0.029954838943740868
4.308472551411812 7.4490976352384575 0.013531414618839452 -0.026775003611821568
9.339275184146485 7.137683623006582 -0.029856215599905932 -0.0029336649522284618
5.6367223630545364 9.028755599697849 -0.0017402293237652544 0.029949484167522945
5.149487591650898 2.5825142936170753 -0.019941895610042195 -0.022412514349759598
9.244545847321513 0.054315465446139743 -0.013430494974444814 0.026825767551766577
7.525005843398644 7.9430270000779295 0.029737670630408705 -0.003958654503404852
8.790006350612408 2.8785724376710666 -0.005829859467242239 -0.029428094375820633
9.09540334335962 0.2666109956680729 -0.010665869433979725 -0.028039957724955596
4.358224567155333 7.9948807204788075 -0.008315673524385355 0.028824461379804416
8.997583928420212 5.904982624415849 0.016285352624775925 0.025194985411519964
4.3052080849127226 4.4269335425538525 0.0036817928303710433 -0.02977321617753494
6.621630183367301 7.125593650031147 0.02997655929647779 -0.0011857034809559382
8.835480215675863 6.624373058554378 0.023269207592676193 -0.01893525753743372
3.407146585784905 1.7311454001523419 0.01315527390150831 0.026961802027614817
1.54172734135825 1.084466791633062 0.017881636817153882 -0.024088318013913024
9.32201522115655 4.742194302177381 0.02938358928446493 0.006050180225569964
0.8766161047808652 8.138149577331475 -0.023222360745793993 -0.018992681785156253
1.4776585879214288 2.312076875153135 0.016483958494127846 -0.025065496451574035
0.6622766263951763 0.054706922237166555 -0.005874106417473399 -0.029419294243679568
2.1530614623393185 3.4221464804029624 0.00152297469040732 0.029961317529314007
1.6565026486638745 1.2336737767257455 -0.007930615276211288 -0.028932772790396778
1.6205697151938747 6.745857171190497 0.01225515925329089 0.027382678314519904
9.739982347955776 4.3842749426881635 -0.02890087892417128 -0.008046067201458871
3.615247378817561 6.038603960469235 -0.027337479167014636 0.012355655902987936
8.288122914447406 4.579828618101269 -0.010963779970461957 0.027924819225185634
3.3104924605407104 3.1411504827660073 0.025645673492235416 0.015565970291943053
6.035265086662507 1.4736251040787274 -0.029992372569474974 6.764522553772664E-4
6.218552935459831 9.28150812146243 0.029318003887382302 -0.006360396847637436
8.488091183349223 6.0492549059956335 0.02643099985037661 -0.014191625943118413
2.707209464688426 1.895500208773102 0.005674747122413665 -0.02945839854942318
2.42730110212402 8.546340231457423 0.029649640257925856 -0.00457152409767053
4.71357321211231 0.20100033277186347 -0.02274954808265695 0.01955653502118613
3.9494557169661326 6.865020942046054 0.011826082826052685 -0.027570704833053176
5.861845535315954 0.7647085209885207 0.0297215307043346 -0.0040780648095997095
1.0102567424054376 2.2409822031885227 0.016515035419608713 0.025045031544980525
2.3918708942557987 7.27187181387261 -0.006993676634108778 -0.0291734209022103
9.671238913374953 0.4476959822813331 -0.0023274230556509278 0.029909582108749437
3.136043682623606 2.5958016198755542 -0.010735262661423639 -0.02801346347009315
7.827382504533112 0.5930115773169331 -0.023561264713146245 0.018570589789154504
2.018982553451447 7.4814287141460145 -0.013337337570035494 -0.026872205464809167
2.675803280433391 9.821163104012363 0.029737033980948624 0.003963434119031983
5.191510784865185 8.090215815790682 0.02785327852365123 -0.01114427545800575
5.6164356422578665 5.215309937139886 0.015108602246087397 0.02591775719790435
7.660761379712025 4.15604637596274 0.024480332333913425 -0.017341087878825618
5.664275944145492 4.945277237016681 -0.014887372441049347 -0.026045462979211644
6.073308431584355 3.3954848932786197 0.02921855192855872 -0.006802662949030883
5.27780206779371 9.46435317951844 0.014420882062829089 -0.026306618188774743
6.7985010273258375 4.392070922900172 5.520729116622627E-4 0.029994919828201055
9.21690552928493 2.290734199235059 -0.02999322030715823 6.377582663291027E-4
2.513776656996506 5.6928473412672425 0.02998699447529736 -8.832679879206742E-4
1.5520675275731888 4.795100255264254 -0.004897206319918048 0.029597590615794298
8.700554457457265 0.04462349021954748 -0.02838290188924485 0.009716526145979383
0.13936319764451977 3.356287163382551 -0.024068202776069962 -0.017908702217915684
0.6250056351851807 9.254833691469507 0.016861743845873522 0.024812932000796404
4.10668786158348 2.361175618885598 0.016137034579153754 -0.02529023754319433
5.027924544994724 2.253247999672374 -0.021033975249157923 -0.02139092997552495
3.48764155885962 6.65070914324817 -0.029737272237181003 -0.003961646108852206
1.6262725803910072 9.691035079827625 -0.00782596173607667 -0.02896125554780842
1.8817937128518092 0.2079421566399664 -0.019501727546938498 0.02279654848184216
2.098572578612047 6.446236895861571 -0.01119471330776707 0.027833044999728343
1.6733479504923943 8.92166798311965 -0.02870553447437484 0.008717355708038848
7.168885614365098 5.281894529418354 -0.021595027997279484 -0.02082437912151801
6.1330548155747096 8.134574951464277 0.008390519582754693 0.02880276342873041
1.1199503795874144 2.6658595308794797 0.002338234641801908 0.02990873883599704
5.857823575289923 6.110943380897877 -0.029968114735137975 0.0013827867592676722
2.1743882108093002 1.4195010067732883 0.010038377413718347 0.028270673478001
6.134926682523233 2.4672608714019173 -0.006676902978883867 0.02924754633487349
3.0215333522801813 4.894605652840496 -0.029557931969852763 0.00513114584333323
2.587667449821096 2.65018499994237 -0.019484107745897327 -0.022811609880634548
8.89309607781876 7.2310116697273905 -0.02786385632506428 0.011117801522611171
0.9704826537199696 1.5891691049672685 0.006457879225264187 -0.029296685749618526
8.278896283813967 2.8379521530333793 0.007235209945498116 0.029114459243553967
2.3058805162202933 9.283673017446098 -0.028949403402304532 0.007869691394879395
0.11844883687493701 2.4544627673578665 0.024820757324962153 -0.016850222723018757
1.2344339628648682 0.11384746824011027 0.02337589157287596 0.018803395788344897
9.31813232454718 0.33204712335553666 0.028516587585373468 0.009316878902600582
5.9919856476929745 4.614307352941436 -0.01042680016556457 0.028129732282895666
2.158683058981593 7.568375232939129 5.635642076339974E-4 -0.029994706122645605
5.813826943030874 5.067218392909217 0.02995696158625794 -0.0016063786974017493
3.724195126419735 6.195098506794063 -0.028353084755509534 -0.009803192584402943
1.7411225956881693 4.016323640725938 0.0051158844489154415 -0.029560577232275845
9.270838193426012 1.0456988006899592 0.028261373276369788 0.010064530815377906
1.1862971631157904 1.3593657961152372 0.0020292605971021014 0.029931289671997912
0.5489939292991741 5.929145652242951 -0.028937892535800938 -0.007911913522431611
4.586255135588316 1.442989359743777 0.007197531097388095 -0.029123796903943195
0.8031323094718279 4.409276970087897 -0.023717387255269385 -0.018370779563850453
3.8886500950288183 6.180814763406303 -0.027384867427789353 -0.01225026677107082
9.524849431527688 6.20427852670677 0.004262840256399211 -0.029695592146788758
0.2992706031745451 4.979810709750319 0.010872432283130395 0.027960511730809646
0.2702547522727161 8.51016357639324 0.02590878981310237 -0.01512397468989163
0.9589353522707889 2.749024748553528 -0.015473069099858476 0.025701831308897128
3.936178217382337 8.520268031250566 -0.027266146202870312 0.012512284813082737
7.275888798147413 5.75353720610253 0.017043184860840388 0.02468865832319004
2.00213790800591 3.1317538767172195 -0.029553407531781813 -0.005157140996756047
8.243058152218195 3.059333675588134 -0.022150370124965044 -0.020232674151655188
2.287036649764629 3.8409497744169876 -0.014420957436135503 0.026306576870151085
9.91594216873427 2.004520829927391 0.007738912711631234 -0.02898463782836957
5.860290577683748 6.641835898587649 -0.01829219603639996 0.023778047946917628
2.4823794420955436 6.960602535031563 0.029602598922526393 0.004866840559545705
1.7244310078757352 6.334609567891032 -0.021457890865478668 -0.020965660485785013
2.1547287228379575 5.764752183342354 -0.029145576208763697 -0.007108824618679775
3.806786222161179 2.971314616988 -0.028229786333523188 0.01015279092484561
0.061633252499060376 0.9793289737653876 0.023037673687588647 0.01921628452808153
7.437050811913915 1.6289920702937888 -0.02999973320220595 -1.265219208743616E-4
0.9827756204633997 8.656161186126589 -0.014454027867134109 -0.026288420995109436
3.8395168047826034 9.69249071958893 -0.007726475267561881 0.028987955773730485
3.1968847311914916 4.857011618365561 0.005965264850534904 -0.029400945822591704
6.946364546457002 3.2024608753081885 -0.02881299044886223 0.008355332512460165
6.9105003865063175 5.833533814722681 0.022797891349827272 0.019500157691707803
6.973341460461651 3.4014296076522688 -0.01298211838044816 -0.02704560227386386
3.181149019480054 6.744063534713583 -0.0042711079858008755 0.02969440412895379
6.341768935299231 9.683217378086205 -0.02968036555814899 -0.004367596631403034
1.3908867009517856 3.0436650381385744 0.0010331904741260787 0.029982203345387662
1.5502669888450327 6.97808240977926 0.029910710189240828 0.0023128804498384324
0.08066895120346862 9.4095906300868 -0.02963041290694233 -0.004694532028233003
7.083756091116311 5.916381215507038 -8.244707972959457E-4 0.029988668658418403
0.2074416671403001 1.1571329545569564 0.015622580333660699 -0.02561122768861965
6.202823261840771 7.604476973802619 0.02455964278369474 0.0172285793476221
8.987754524777575 9.679860156035877 -0.024387004015763557 -0.01747209303818899
7.008828802217496 1.6841290799560416 0.021244261988881148 0.02118209934231684
6.766338992495667 5.351339879220719 -0.02932285707387923 -0.006337984934097794
8.27330365027735 4.665423742064351 -0.02982751815905224 0.0032123450112664965
4.586465130667081 1.6093114011770415 0.004518082727121632 -0.029657830811960696
7.617152180750302 3.9269669477597824 -0.013759017743153355 -0.026658758987312053
0.10078866683167154 2.383242746004682 -0.0221378512860646 0.02024637104362379
8.407559505218932 2.8378293239914223 -0.008179264914282523 -0.02886346523655791
8.375315932907206 0.6164613631458704 -0.025717347087037865 0.015447267033518421
1.6087071511776774 1.2146212239828158 0.0070234415552115894 -0.0291662693658364
9.202321455073282 9.087446534800398 0.022829341568161444 -0.01946332868664083
4.395556059517267 7.793852486177476 0.024622490989808885 0.017138638728229853
6.416573711862446 0.98308928279075 -0.026222244899447245 0.014573739137003
9.95596623040887 3.052902032125493 -0.007497770776729665 0.029047950588287956
8.037812886155017 8.370113274543376 0.018661965146931768 -0.0234889560614069
8.121905903836723 9.999769756833865 0.006141570251496686 0.029364623526378315
9.944602443428845 2.718586253617903 0.011271828912548576 0.027801904124829902
6.560883782676525 1.3883031480829 -0.01899551430007321 0.023220043851718154
4.292713852352446 5.541396174556747 0.027505244305962868 -0.011977542972968089
8.718118088409799 6.086569498716797 -0.029816995945509264 -0.003308587732777269
6.5661050988164025 5.83238243564642 -0.028170510574688563 0.010316120102119778
0.7412572832322728 7.384978469343636 0.011452240718625717 0.02772807570897503
9.500091959468657 7.838877430508213 0.003491531196937665 0.02979612743127554
2.674316535657163 7.199924356368851 -0.023731939615875237 0.018351976516671205
6.123005566445732 0.5358705977541456 0.027819148213536902 0.0112292026730871
3.4262802477389895 3.199136113630842 0.019216383248158247 -0.02303759134241041
8.77173503435509 3.4417534404473713 0.0021642830609722268 -0.029921829470003814
7.7716893294225216 9.606337596473196 -0.02918337409373084 -0.006952026791185396
2.564096252255986 0.8112693803008575 0.014593305974009128 0.026211360528384433
2.013375849217902 6.063773701544824 -0.029791238089194542 -0.003533006242978378
4.841702754407134 3.16027731947935 -0.025586108252658307 -0.015663686171628007
2.2379569489836957 4.638899513786011 0.005753455096647324 0.029443127457029136
1.384476632485293 6.138377494552137 -0.0016349964572359387 0.02995541331019864
1.348161228657504 0.5220742817649271 -0.024128870621151377 -0.01782687865409247
3.5643549265534524 8.307232291371639 -0.026019995816493294 -0.014931839059863707
3.5066538971881958 2.810227855649835 0.022366791413420715 0.019993164878741167
1.3421916900913688 1.9611910085293682 0.01635455274422921 -0.025150121362256382
4.236666076464529 4.110673078556417 -0.0022047668057448063 0.029918873697589048
6.378027017192203 2.0179776163176277 -0.025778907577989646 -0.01534431243443211
2.377041237892402 0.6018097681709766 0.016718198775038436 0.0249098741409567
9.2493728394607 3.7048686017181964 -0.021139445685503855 0.02128670561899216
4.283683778385034 2.194390481683018 0.028639344617182247 -0.008932409523654535
9.552162288296508 8.482872841542815 -0.02586556644717935 0.01519777853393547
8.224976760977738 8.058101804966789 0.029652136522297968 0.004555304563144264
7.660576160015584 1.8195462735199242 -0.01811211992604375 -0.023915499404875678
6.673411153608827 8.99192448875217 -0.015917883035584852 -0.025428743572293144
0.2798518850267606 5.190651997878973 0.006664978105038361 -0.02925026609894958
9.206087930374835 0.8703853234409731 0.025773190383750078 0.015353913424367495
7.2438977063165275 6.431019886149041 -0.010494288831421401 -0.028104624208886052
8.76828588077736 4.107380370509465 -0.022481839567269773 0.019863707853055614
5.859373188160681 7.353585718754896 -0.029839996703368322 -0.003094284528443954
8.121112097097393 2.129516378769355 2.126825619906672E-4 -0.02999924609265748
8.520844499921836 9.719325896459086 -0.029138780070553538 0.007136630577514274
2.0992093264568146 7.095411545590016 0.026260297675280823 0.014505060013858633
4.327458799959885 1.1950332970391386 -0.0078105563013984875 -0.02896541403575451
9.779275115214457 6.358346796768056 -0.013652356929034404 -0.02671353870759631
1.4988222872497103 2.124771690009669 0.029797342101227035 0.003481149767310032
1
0.4550965924130368 6.738129084823598 -0.01987179522567173 -0.022474691421885424
2.9636695024085613 3.727253635226715 -0.02428005775293253 -0.017620408494534424
9.299105819493054 1.8037389805463444 -0.024078255618015673 -0.017895183888228045
6.495497964382463 4.896975914920966 0.02718931100063525 -0.012678381888503551
5.351967800054091 6.799836526606477 3.963526077020298E-4 0.029997381629241704
5.079382921970005 1.0321110543675138 0.0036641287905450496 -0.029775395214947167
2.8270885329060147 6.274732108831136 0.002088756301703402 0.029927196612982217
5.167179200091069 6.356001603683979 -0.009195319701742683 -0.028556016801766015
0.17156019676197287 6.0510292895648385 0.0257105118631119 0.015458640940806607
5.436552905690344 4.8795736424711045 0.025221498275574142 0.01624426128622692
2.6330825307246233 7.057560491552399 0.018007021664294628 0.023994732146486317
7.403754097512303 2.5256750381079773 -0.012611754739220925 -0.027220279983823432
7.706701834691664 7.315995507204114 0.021232214344051113 0.021194175474603158
0.5105336699279572 8.778668823715176 -0.0298383115626221 0.0031104924195201103
7.457443876204683 6.6198674670366175 -0.02256432901508399 0.01976995336613212
7.34061023480314 4.527703160697849 0.01115137085837439 -0.027850438559904194
2.7354589411110886 8.198737928154586 -0.0013602437547320053 -0.02996914641640153
1.6179035856658897 9.25283266859815 0.027237684431922364 -0.012574122108004758
6.338303894470817 2.9355936494464583 -0.02852551419884572 0.009289512349496673
0.2633580148502024 5.291213983570185 0.0016919733972193443 -0.029952249097907523
1.5683289147944812 4.979837109517925 0.021519068688941868 -0.020902863027839075
6.674364076122375 6.266342002329495 -0.027857968666764175 -0.011132546059261795
9.938478143201403 6.3186654894036876 0.029853548712248733 -0.0029606805442992097
1.6440617563479887 6.735863390745296 -0.014952075393731827 -0.026008372525403414
4.272523136233471 0.9522569287654092 -0.02249106688075321 0.01985325944437049
0.029431013327289035 8.300799287959665 -0.010256864396253569 -0.0281921395562108
7.619986064024027 3.647744259111394 -0.004917363435521663 -0.029594248374354676
9.94808105699433 5.627666199375808 -0.02369679060537807 -0.01839733988936623
2.4746416484049485 1.1769906614583148 -0.012357099822488851 -0.027336826516204216
9.443773995073734 2.5903914474868595 0.008319219862543845 -0.028823438047510155
1.1801897238893289 5.795941451678583 -8.907665770544858E-4 0.029986772665713837
6.188510232502646 1.7852232144929403 0.016863241097036324 0.024811914470738147
6.277815051854651 7.289831503571243 0.00364763242199655 -0.029777420602093787
4.831702647938539 9.47192245889876 0.02950536301688982 0.005425269877301082
7.267062348371782 4.948543033095958 -0.019156045558320185 0.023087787216785446
5.480596838293394 6.230035538656486 0.018260070919411155 0.023802726944996765
7.901648754667912 8.578451088397292 -0.01748703667528089 0.02437629070054304
4.885436714964644 1.6903737247616923 0.021080765288808045 -0.021344819859586212
0.0321216905887689 5.298431524937741 0.029866515617419574 0.002826878998901911
9.06140949317263 9.22810872440439 -0.028747459343756727 -0.008578087273923828
7.163074568338547 9.07434466489235 0.02972479970540591 -0.004054168530475834
5.129439920028998 4.82302204215682 -0.01233988488114813 -0.027344601681502177
3.558080463958034 3.3530248532918163 -0.029628324968598758 0.004707691531431027
9.390419088707551 8.961068427854729 0.013801545363593308 -0.02663676680035841
4.863474130022913 4.867109983379981 0.029832803351692975 -0.003162885419868421
4.322236322092699 3.7449003441968576 -0.029999940486667393 -5.975614122784691E-5
0.014269388805846495 2.768205699877706 -0.022507555198581296 0.019834564754055383
6.0345422752986195 0.7935221781371349 0.002228817048963453 -0.02991709167954415
4.532215625349915 1.2489036067255366 -0.004137977310246107 0.029713248623802282
5.429768935979141 2.255662059219156 -0.020997535354061077 -0.021426700843922637
4.346421671307802 3.2438430277693886 -0.02443092821500422 0.01741062165901352
6.0665922807165105 4.769419746381649 -0.01690647861706121 -0.02478247325774512
0.7989956764121497 5.6348168255668 0.012913038533810378 0.027078652769743333
2.6385026099586453 8.62266899016199 -0.028898467756058626 0.00805472292211469
9.59840642636325 3.5721565083368603 -0.029893578715597335 0.0025246686068444496
9.66896982057513 5.0736785880852135 -0.006098240222936938 0.029373652584984287
3.9271583731778126 9.480300673392698 0.028521485473888258 0.009301874346752972
7.058111298827551 8.867389342483246 0.029131272769048415 0.00716721332564464
8.692027493823966 5.424308240111704 0.008693803177588761 -0.028712676404496804
9.534819215871252 9.736357351309172 -0.025386749776617982 -0.015984771996477982
4.737417831017679 0.6296615064219802 -0.029338729430072912 0.006264100528325962
0.8827314049368251 2.131959622705536 -0.029960438293871926 -0.0015401744183996505
8.657010529907325 6.892256759787517 0.027437488669580366 -0.012131950193874393
1.4967618565588192 1.835176063067998 0.017402469419635774 0.024436735831502573
2.2861853969246324 6.680038230804674 0.005578859085440492 -0.029476708284759307
2.83640539456416 8.410030399176057 0.017011972589263742 0.024710175811234913
1.9068228825616707 3.1720352203158297 -0.005081939737910686 0.029566431785053877
3.588715743303 4.868195582391906 0.015082938004412896 -0.025932700999992984
8.23495985336534 0.03316369797569774 0.0299731075661769 -0.0012699696163251287
6.722477174646478 8.310777338599905 -0.004185459436969276 0.029706597403632153
6.1969813549731025 6.081270607093079 0.016685246184738486 0.024931958602457806
1.4591954384730432 4.821988095418322 0.00400694581475094 -0.02973120221648714
6.8570114640994095 6.3326039618696 0.0299614542782291 -0.0015202820572469537
9.828343613044387 7.34723025849137 -7.725260421564191E-4 0.02999005174243936
0.38102428100390995 4.3478892932926705 3.4999045682441575E-4 -0.029997958375198332
9.704877753361307 9.75164230851389 0.020746337394446434 -0.021670013491361596
8.074851797652153 9.947056571890961 -0.013421253254630984 -0.026830392488278235
8.80610705756954 3.49983375229845 -0.028374757325181188 0.009740284735934388
6.995334177403118 2.7886052733101394 0.01739249389644853 -0.024443836770482667
1.2811136994656203 4.417463937813543 -0.028161155267320926 0.0103416311097352
2.8067507699773984 3.0606855290137034 -0.008335036297642335 -0.028818868296950607
7.456313543109273 6.5034217280310935 -0.008025695567965698 0.02890654269625366
5.05751735582447 0.6149176966798597 0.02112679333657707 -0.02129926297583
0.6714508422123522 2.689249925361149 -0.011264996498183211 0.02780467323843098
5.2228222377914335 8.769353309388995 -0.008968333755834713 0.02862811537010349
3.586101913434807 0.44055198875331936 0.029313731804080475 0.006380057030970869
7.254059838668097 7.160994086823735 0.025462329469941074 0.015864103440288397
0.961127398690953 4.032525635631793 0.01800233505380667 -0.02399824853214258
5.270972993909763 3.3570101567682595 0.021866586152304447 -0.020539045986701705
0.794731516772702 7.796413522887262 0.027528897940935167 -0.011923077545565807
4.921495306353377 7.321952534086305 -0.004925940649581449 0.029592821912024562
0.3598860769357415 2.4321555359675404 0.020178671013712873 -0.022199577386075257
7.0302672143408 8.639382346142323 -0.006413104779063618 0.029306519532226124
5.658593160385127 3.140284291598101 -0.02771850206094357 0.011475392956124297
1.891337182565327 8.922693015695009 0.026176363138636402 -0.014655988974963011
0.057348005293473836 6.587248678740894 0.027409649333451372 -0.012194717028993687
4.084031917427958 1.912498896954491 0.0018630079771494571 -0.029942097476247004
1.344454232380743 8.04578368179192 0.029979750809744816 0.0011020623329035628
4.372541550155537 0.10657673748823426 -0.029988028876105556 -8.474220470693638E-4
2.569574417619307 9.127299010301318 0.028530451055804484 0.009274338928050062
2.1772872275221147 8.631481803846068 0.020000355207793235 0.022360362062410752
5.173821967022904 5.746928307219764 -0.025695834685940045 -0.015483025537434227
8.58628425802346 6.639884999294003 -0.027119265693316547 0.012827526193904426
7.948342881761602 9.953014167949915 0.016165502170188806 -0.025272050561551608
1.9328573957860218 1.4704204588679215 0.008336053383724805 0.028818574114339697
0.09295780017976596 4.349266361142595 -0.02101130270535633 -0.02141320056936575
0.8463483679900108 6.772135360041132 0.01417781451258119 -0.02643841098944568
4.375042704449539 4.596305273126953 -0.02293712234364652 0.01933619452199919
0.3477798828533918 8.877035699815378 -0.0010803982673668424 -0.02998053934778143
8.3722094908448 1.1751308247063852 -0.028852530506789962 0.008217754155166393
6.194439070343748 4.973972256440062 -0.01841708295111225 -0.023681449608751792
9.748996610863383 2.722419534536644 0.02839143915304665 -0.009691552136724516
9.17639614741887 6.636235037546184 -0.021085376222467762 0.02134026498328901
0.16497105778541465 8.019318644847921 -0.0292642150072316 -0.0066034627287901585
1.553254038961852 5.4934836475332265 -0.015196437789935211 0.025866354178674448
1.905400860570714 4.563221229943171 -0.002545116743474494 0.02989184471995808
1.1287761311888111 7.294546037104013 0.024076390673407763 0.017897692927901176
9.800724358631902 7.7262655537358444 -0.020270782009484782 -0.022115501276795606
7.651153249880007 2.2284503465819174 -0.0011335653940236603 -0.029978576175286778
7.060965080825295 4.1741357825867995 0.02535090708750105 0.01604155571760074
1.0728893962450081 4.572812500981164 -0.01867817041633535 0.023476071858348338
8.868248848204596 6.572056578388278 -0.01973134162157004 0.022598100756764886
0.7007920607907581 2.906156668436526 0.02973036633974092 -0.0040131430705620235
8.985728359610972 7.94829002944729 -0.014341512504145783 -0.026349971899291093
9.126206294076548 3.107420460765542 0.02692677965300737 0.013226811313328252
7.26423585678879 4.444373049839694 0.00958554349295611 -0.028427405016016618
9.980090240051187 2.9940479630360626 -0.026431159771699738 0.014191328095808413
5.237415388167902 4.799898069040799 -0.029974865691998538 0.0012277730843478153
5.6571748429485105 8.010716039911728 -0.021889640664112107 -0.020514473709945608
1.439176652756743 5.760746096460475 0.021745963808636855 -0.020666713769572943
1.0674337194097483 8.133651131217166 -0.029935930931378568 -0.001959601814586791
1.5700868519335853 0.8449546369487082 -0.029952718312357705 0.0016836465485817363
4.789284933817647 3.829171147374135 -0.004683870038801544 0.029632100186446745
3.0665398467616733 8.450250039659636 -0.010863760095546612 0.027963882358971705
6.524011746217873 3.196819752810367 -0.026395643415998295 0.014257279146298069
1.3417330319592313 6.260818112724556 0.024971545579832354 0.016625940916361853
3.010201074674481 8.503234523470836 -0.019291607364286575 0.022974635694656922
1.2928904089013604 6.146037084025883 -0.028278466314856684 0.010016403689923637
6.294716336219402 1.3075034983088385 -0.027974798560610657 0.010835619294403796
3.395844092785233 5.297276024884839 0.0251108835176447 0.016414735117061124
2.935701727711142 4.8957057310134955 -0.0018663229650247295 0.02994189103230157
7.595745053965125 9.995875734090202 0.016175487619311615 0.025265660495571784
9.01504292972949 7.353883071071458 -0.029046230640199625 -0.007504431064133266
9.479886404161524 2.140205172754348 0.011684155250143189 0.027631151190106996
9.162941069708989 0.35585503685232167 0.019294671111715445 0.022972062743487648
4.0826005956381275 1.1951286988226517 0.0027913009618732217 0.029869861716121916
2.764942257007 7.634853907823976 -0.029518865562623887 0.005351315342580494
0.7890016543349698 5.494953410008204 -0.015035598015116355 0.025960177047312852
3.469803606072527 3.624401686019929 -0.029872202567208 0.002766136978475895
3.8087071178766516 3.481362009396017 0.022609209958037096 0.019718611134494135
9.601602249341935 0.3414806748706378 -0.018030080115195964 -0.023977410432313474
2.686137425907015 3.360083268028309 -0.0219342271452879 -0.020466794559454476
0.3768925340486573 8.159860557904645 -0.020793368302967668 0.021624889239418996
5.372808067271047 6.402052332516243 0.02682520158746942 -0.013431625359264163
2.4316357699554625 0.5681836631909298 0.028743296093323437 0.008592027100256234
7.050209553118956 6.503136239240506 -0.00962337188204027 0.028414621475922507
1.2859606034230076 1.6796490675074838 0.01102658856066871 -0.027900077862144577
3.6691979772228054 5.176616459807541 0.0013843188166975727 -0.029968044003800733
5.449184124632406 8.480064362006182 -0.029982187092552955 -0.0010336620081781557
3.0417833424893703 4.628592197758502 0.029299489246860346 -0.006445147777445821
6.043352396983148 3.359742088148574 -0.02689237220585016 -0.013296628036536839
4.231099898639067 1.4212602640431504 0.02640042189377145 -0.014248428819728612
0.4699480086404595 0.1319118529841412 0.02888487213899346 -0.008103342613637854
9.351157220146575 3.1442106598966246 -0.017528317611670414 0.02434662362021487
4.849297031652164 2.724553253478532 -0.02994113489882996 0.00187841448303261
0.09449849945670663 0.8899037860733849 -0.013767886327104236 -0.026654179898918974
1.0321809941634064 7.241077312805823 -0.028123631736019415 0.010443243652082506
4.206617707342617 0.7854599602502998 -0.021913430601810426 0.020489059501588604
0.9436541711712132 7.784109971608655 -0.0260229914668282 0.014926617671709372
7.54320922083176 9.706708244967132 -0.0152370405665116 0.02584245721239526
4.11419397270251 4.960540127734195 0.016948755438866838 0.024753579318423462
3.5710274469559 9.148754125082078 -0.0015720403524213658 0.029958783171723763
5.445980201034011 4.438479385798093 0.025190317445720586 -0.01629257214143381
0.46510095987522204 9.325495790071802 0.020989835359410954 0.021434243900469677
5.733933017528505 5.380133195445342 0.014542805029877294 0.026239413519798332
3.042799963636721 4.412733608342377 0.024840318761959763 0.016821372233091738
0.11255334366517489 4.56979572861218 0.029999844912924047 9.646346720415723E-5
2.3560330474395808 2.6486173136880464 -0.0029440551960410264 0.029855192831443306
1.54971224363311 9.10303425072283 0.009097656295819882 0.028587281261482855
5.002702213333482 9.192840497437867 -0.02310321086558477 -0.019137440991426356
1.595251054613921 6.580130079329462 -0.029823560304591802 -0.0032488845406348416
0.25220950309308154 9.372592385221367 0.019772943041474474 -0.022561709232205924
6.8721941547002094 7.801270761162536 -0.003640925683831756 0.029778241388047317
9.510819344081646 8.57795695827793 -0.0021312854932628977 -0.029924197936556412
2.0469515150212514 9.408828318381676 0.024093437667830203 -0.017874738077700066
6.053287674514703 7.700104642944546 0.02230612273005565 0.020060829712444463
2.2262321989139497 7.14812615963759 0.029908010667249747 0.002347530176094734
5.358406508445787 8.938886694333014 -0.013250654152150147 -0.02691505460778607
5.61538633414319 9.275844280491315 -0.0053306113713633505 -0.029522611375139087
7.817726458820875 2.0677094807289054 0.02885503270698562 -0.008208963849280262
0.7671981779467429 1.9569767000702443 0.012428944635306964 0.027304236580656747
6.517240336900723 1.076981817891386 0.02837008290543473 -0.009753891322890576
8.50214273931708 7.547974741964282 0.02104721635712506 -0.021377901758974555
6.668495877809379 2.485870729107438 0.029529261763259262 -0.005293647109216337
2.4599387804076214 3.7252283598407896 0.013784230417469973 -0.026645731211548607
9.004477933510174 0.6972251003238905 -0.026037452600134812 0.014901377858967701
1.8357782077006324 8.212801319447484 -0.010955477855542312 -0.027928077358757117
3.94141033498423 0.4727116045605617 0.0050026497604061864 -0.02957995090216865
6.96951789459225 5.088662710990908 -0.010053735532900315 -0.028265215403999625
3.893918046268312 9.043600331317345 0.028403273854307354 -0.009656812846753338
1.6177737507893142 4.4705310599924335 -0.016761091132729035 0.024881033419863252
8.139990184333627 9.385128331862461 -0.008228225024838002 0.028849546147914174
2.691419545733067 5.9356452056913955 -0.028540362671332475 -0.009243792435402893
3.8549502094094668 4.8255930134980485 -0.023225019382583183 0.018989430604381883
8.44732075366055 5.916820048846333 -0.012787245429254208 0.02713828208144387
2.1298958188227104 3.2106841545985465 -0.028854009763306147 -0.008212558710842404
3.2648986771956388 2.1122832230228363 -0.0014045500402845633 0.02996710261577413
3.1883716637481205 5.293186074681497 0.02655750788856913 0.013953450281152273
1.615701902441684 0.6900526192321166 0.029203448009835653 -0.0068672137244173495
7.8126190657243555 7.580962782459243 -0.0287928835139709 0.008424361041105895
5.2666851761112685 9.768769537913217 0.026129160232633872 -0.014739979156611599
4.853637259790979 9.483722829981003 -0.013102486021521628 -0.026987494512381662
7.483287666524575 0.7944422542214902 0.014756242398294978 -0.026119979140167046
8.262259597348972 9.901829475862959 0.02940640050608175 0.005938317040703944
1.5732605479980388 6.4537821809522145 -0.019094125042506137 -0.023139023074908328
2.4450019203355335 0.26753202152093647 -0.026945065818268527 0.013189519629204732
0.811942129807357 3.5857093388956907 0.026102120429975062 -0.014787809474667927
5.990846812472881 2.0683110807819705 0.01824917042528235 -0.023811085208133624
4.108445859734426 4.057952586209255 0.022194094641873503 0.020184701212243934
0.4744060675597983 3.860223413659835 0.022215483331483276 0.020161158209502466
9.922892739945079 8.118982256849694 -0.0025121120812632543 -0.02989463652381763
0.6268237434170343 9.241574128174845 -0.017894939045264235 0.024078437585654876
7.35904849860379 8.639058237947507 0.0014290835288540303 -0.029965942672766994
2.6568408101461074 5.948072043818067 0.02683128111298946 0.013419476660277587
2.184885945652131 1.7089555212278185 0.009985513620647554 -0.028289388783285192
9.847929987695224 1.612744705552741 -0.017532034015154525 -0.024343947570011414
0.1448371828357442 8.03073374247047 0.009589305879564239 -0.028426136085443525
5.169325496847846 2.4889386650820198 -0.028036671329643867 0.010674505176050338
5.409716821905376 9.640237333101325 0.01849588342040853 0.023619955471987173
3.903880553286001 2.9630768320521073 0.028080118779021418 -0.010559684150392407
7.670127452413304 9.943132073784488 -0.014015184471684004 -0.026524980758233688
0.06752027491750412 0.6046723537620302 -0.026743508065551282 -0.01359355642750614
3.241984300342943 9.491199366789218 0.013102745191352636 0.026987368683339345
6.4958627841140615 0.15224854981213065 -0.01828850500470145 0.023780886961865193
8.862776978937582 1.0081184863078652 -0.014907538214408588 -0.026033926027127518
3.1943784588046853 0.7719712778917831 0.019340306903362598 0.02293365493949329
8.577191977820599 0.9975404985503111 -0.017770264528653837 -0.02417059574320971
3.14902708015522 1.4263221475344279 0.017868988645639097 0.02409770206434674
5.422401476266914 0.9032057035791974 0.02520385899939281 0.016271616131740756
1.0031505990585643 5.747184693022479 -0.00838910527032658 -0.028803175393754397
8.42707813323208 2.7821621804874432 0.01816365440504573 0.023876382863701587
2.520775151512198 8.634177404215082 0.009111819407770226 -0.02858277010858433
8.85314535284477 5.307592185843191 0.02999961664279481 1.516617464907783E-4
1.7424245387857373 4.326558814349449 0.02449135834362506 0.017325512012178662
6.473326482018616 8.615846034048092 -0.0042724259497630155 0.02969421452916025
6.331800625631997 9.075988703176574 0.02964954445504877 0.004572145405396325
0.04734865692903156 7.000301444084782 0.02239396447451618 -0.019962724140610347
8.413790659558643 9.146942831772188 -0.023105998107877522 -0.01913407566199006
5.810568077252553 8.14861282130842 -0.024868813706805357 -0.016779216454179555
9.788472665565163 6.779582772815669 -0.001121654631544251 0.029979024181709706
2.714972682622138 5.904555447783988 0.020995752430474357 -0.021428447911088427
3.813102921975504 7.2729892687322355 -0.02315465416109424 0.019075166858513223
4.07686368304489 0.26453533699858034 0.010408107418637593 0.028136654029256945
6.484294567416942 0.5102808297023487 -0.0017971643095726691 0.029946121626087042
7.1196602640742945 6.3141679438379015 -0.027160282415989348 0.012740449720622106
1.804202345112842 0.2953944077607751 0.016181760109159865 -0.02526164364742727
6.304605726464696 1.3631658171760241 0.025454832369446657 -0.01587613016586128
9.824806550166977 6.767094498616876 -0.00972760108109066 -0.02837910811155213
4.185823867315319 2.9068706023634414 0.023612302374388314 -0.018505652557541868
3.7493584881905218 7.080745708853568 -0.0037390720099289543 -0.02976607700898064
7.397056500605479 5.958629824254337 0.0010830668253808185 0.029980443062966225
7.014452565196416 0.40290772169280564 -0.01760880913883779 0.024288471353956852
2.0821674942721344 6.456138187495865 0.013477771941529966 -0.02680204588258343
4.733573002409813 7.167053765495357 0.028968149023197907 -0.007800406538751555
6.145499642383011 3.0128308585618138 -0.012281712206289857 0.0273707790404634
1.5755582793025058 3.3285458857396257 -0.029664259265318998 0.004475681204010839
7.865566976415144 5.39720656179264 -0.010170029156535532 -0.028223580689827738
0.8702839676376706 6.090064705807745 -0.029128903283270873 0.007176837291861324
6.1492481409004816 8.382097501295387 -0.024997212985482065 0.01658732476798012
6.238718809393619 3.020399652353195 -0.025251198801794696 0.01619805417549411
5.685247621381103 0.5846320215507717 0.0016064934148827962 0.029956955434555396
6.563897255362246 5.653963728011062 -0.015086391953423392 -0.025930691811590408
5.885518583329104 1.6569994845689706 0.018018938275216695 0.02398578461159715
9.850530076306896 7.248528807143976 0.02701282469323863 -0.013050183986915941
0.4007124081563307 7.697867838009641 -0.027803094266374014 -0.011268892989780333
9.129961996948051 2.326097322613161 0.019759371718026466 0.02257359584357033
0.49844652510921295 4.512943872918651 0.006864839928404025 -0.029204006108022058
9.688738554971662 9.576950505632912 -0.0011741472452022022 0.029977014164966197
1.257893816424901 4.807985057023774 0.029992589592534435 6.667604770792758E-4
7.636701533686109 5.538853227885947 -0.015307040438472226 -0.02580105643214975
1.6362832699945917 7.464560176885456 -0.0094157883437825 -0.02848408204357461
4.2565268541525905 1.7600677082740968 -0.015311002828613418 -0.025798705246236522
4.496511234191427 1.612797417064542 0.0218544358793167 -0.02055197392945103
3.231994975373058 4.722860724622217 0.029993030503159702 6.466229477305219E-4
8.863079665018102 2.6297698612916642 0.008620657953517848 -0.028734722139746705
1.2467927889220842 4.168970264784228 -0.015753514343004503 -0.025530898649376823
6.4276391957627075 1.7792962728083384 0.019684848731650172 0.022638611494790278
9.557802582102946 9.374178804489034 -0.013239184405883984 -0.026920698287135836
6.805931034104976 1.759823577511117 -0.029988026788976344 8.474959018409274E-4
0.9239162207386498 3.828599368089012 -0.027893024767087552 -0.011044418017380559
9.624000253341006 0.7014394994423401 -0.012601836278036753 0.02722487323058744
4.129412744444743 0.37416717071435457 0.029999077363535756 2.3528139874730275E-4
6.271117468895866 1.3794894182553397 -0.02957025743692768 -0.005059631914855382
6.664656281743157 1.5315372431747298 0.023912889451215523 -0.01811556562997538
4.406518690073526 7.7879783359339765 -0.02922835778579223 0.006760406877231474
4.769783659100306 3.134238309726328 -0.017350385030497986 0.02447374387570221
5.072244141827722 0.40695210039176977 0.026822853829175448 0.013436313201867838
1.8314551475609175 4.8164447201475005 -0.008752695666885642 -0.028694778594073194
5.789179526234652 5.1391497920060525 0.02536487296321646 -0.01601946377254528
9.339640999098112 3.928717777588048 0.028567667928633668 0.009159058309636167
5.260751309426288 0.08589061531655173 -0.02899019049393496 -0.007718086234641515
5.520566671337511 2.358938390305001 0.029130447168448488 -0.007170568162023938
2.4602602615425972 3.1526997586696623 -0.029311559336183016 -0.00639003046013258
2.091880218065284 0.007541774535499979 0.029174587110181584 -0.006988810124078805
7.833925617274903 1.4625752803359882 -0.017123997587973335 -0.024632675587663702
9.034072980475793 7.519962947970388 0.012518508276704745 -0.02726328942967218
9.231512819270163 8.218842564611526 -0.028561178436072976 0.009179274826629823
6.004223657307101 1.746548933755343 -0.0016734805624942796 -0.02995328801328752
3.8178154211928117 1.9787292474307572 -0.027362055468324646 -0.01230113492927889
0.16898883774446816 4.4314821689342505 0.01892053369176309 0.023281181345001754
7.67789092441478 8.220407602604213 0.025642877578958032 -0.015570575759122442
7.406958109173968 1.1966297900508338 0.011837681474460071 0.027565726859802277
1.882213432249431 0.0262829686792454 -0.006643147491213578 0.029255231863890306
3.598292461896216 9.0715721456919 0.02669812711003099 -0.013682470859337804
1.418935761130049 8.048558357280287 0.023065330725979265 -0.01918307896301313
7.122982021726065 5.934018681048934 -9.794113787616448E-4 -0.02998400829360798
7.342139447868519 4.523041937765136 0.012860954169654625 -0.02710342889462592
2.7378684011184884 0.29077524199189964 0.0032711794878115654 -0.02982112313040072
2.658943806390688 9.77611411267576 -0.018169257136572727 -0.023872119619026314
1.1752760203459711 0.09252577129945538 -0.003752478455813816 0.029764389888567395
5.535018601218795 5.718681071832386 -0.017127432207329544 0.02463028757410945
1.549982689963545 1.6988271307523095 0.003106457059611627 0.029838731952561072
5.206560575660793 0.499643711650265 -0.021179053945645888 -0.021247298039219507
3.8923000115808115 5.8745214617860055 -0.029975656920033445 0.0012083013748444668
4.135019112332181 3.528366661955349 0.02796784910788239 -0.010853543950190747
3.7280545035497714 4.705647241660337 -0.013474992772580786 0.026803443244831353
6.235457591989181 5.168140238118526 0.02702011132445043 -0.01303509048738464
6.954716462245557 8.691008210519502 -0.027511427172935695 0.011963334606549105
3.9757754399621206 0.7166984404062349 -0.02960234448583556 0.004868387920238163
1.6391278447023083 5.832738625137745 -0.0278107414551624 -0.011250007098402714
4.526265100080419 1.9602291222707102 0.020554012660035186 -0.021852518472046036
9.577222992166783 7.372116090707259 0.02990124686939562 -0.002432166864230013
6.399992616230364 0.2175576045406069 0.003716036890264888 -0.029768961517496546
8.269586228679104 7.670913145673381 -0.007245185708323675 0.029111978360322786
6.845951232590722 3.9534987527468113 -0.004196635851408187 0.02970502057785309
7.607173811888871 7.617893236768949 -0.018899369680385584 0.023298365300684125
7.039190197426698 8.775831914729261 -0.009906881365330505 0.028317021411392602
2.226299273708027 2.5575253604948878 0.001128801952076688 -0.029978755914029986
6.474351301535326 2.9486895034095486 -0.029936715819421856 -0.0019475743752619878
2.847057617553286 2.025258106550154 0.005454618685742074 -0.029499951440521956
1.2491096677004776 2.9348841287352823 -0.028400883759330316 0.009663839903941264
8.589522894208763 1.181159395860788 -0.015950490439467398 0.025408302870133986
8.67856578582584 9.36810717482956 -0.004845580178498178 -0.029606086413670848
8.370788264692944 3.6305130673751163 0.029960933097974658 -0.0015305188331695286
5.186078181884971 8.169018954014003 -0.022644592667070782 -0.01967796795765366
7.095520504322115 4.893982504062543 0.02509138743469929 -0.016444521172774063
7.164466141872535 6.141781637083998 0.02142268316900384 0.021001634361174838
1.0041610334152284 1.9478214368805824 -0.029651267421339944 0.00456095826643749
8.70688201037349 7.673095631321152 -0.027213761483432554 -0.012625814267715281
3.7460141358834975 0.5217429114543004 0.012282939582864388 -0.027370228263639
3.2005567905638523 4.426517743829578 0.025735245799598263 -0.015417429216126138
8.477710558741506 0.9625767190858803 0.019777046167602046 0.022558112617959356
1.9094743243294265 3.9718207571698336 -0.0033884008271491788 -0.02980803146527081
2.4982100181292544 9.908656247114278 -0.01750500493588174 0.024363390613680105
5.212963819666445 4.872138204116898 0.026869275920519582 0.013343238419026564
6.035604098876426 7.454597327292374 -0.012402513765239754 0.0273162525303717
6.204101681818902 4.099148247800405 -0.019973227079214433 0.02238459738396327
0.18328949650278759 3.319188461633331 -0.025923876324005574 -0.015098100421498832
1.1913280715905972 9.955850407429827 0.029903585019410876 -0.0024032484238766384
5.497087587701959 5.3796050464777 -0.02982505506748022 0.0032351337254853236
3.3142055865628253 7.623609251325474 -0.01039607578933578 0.02814110175850239
0.2328915782486729 6.141012050673455 -0.006975084547829003 -0.029177871676163033
9.223906784220366 0.6498126404121385 0.017761274226404243 -0.02417720285422754
8.917399880012397 7.828458225313653 -0.014024009351515323 -0.02652031601826439
1.5537146079519981 6.258272422878677 0.016403951131609782 0.025117929597635192
9.162259489730639 2.0931737733432088 -0.016866768452892374 -0.02480951676184997
2.896192540898742 4.368618981847316 -0.007873637750436445 -0.028948330324474712
9.08295443672081 2.3121210365576483 0.026407478465162983 0.014235346188693595
8.112113509682487 4.1944413775994995 0.009681602199219671 -0.028394833664877574
4.065358062841787 3.3407830374335514 -0.028438332650517588 -0.009553074691349644
8.140884178052932 0.7625564319084221 0.026588401999810652 0.013894490962121099
0.10098244642573695 7.786375538704923 -0.02996594743838593 -0.0014289835967888041
8.900938220257613 9.636074554703413 -0.028771114821558374 -0.008498408787808697
9.62141537735054 8.552288807439544 7.318556440373884E-5 0.029999910731086564
6.41804872901099 7.479134427200252 -0.0053509529170457214 0.029518931262489157
3.3067216911332187 2.933789438771357 -0.023192682616696523 0.019028911504370995
3.775112851724497 0.2873089092816239 -0.013831044547688798 0.02662146139339176
9.293977775743798 4.0076868442089975 -0.007515406412328425 0.029043392819323513
5.83284160081676 9.50952227084089 0.015455002789283323 -0.02571269897897233
6.61162372176907 4.761475605726636 0.014043120239514826 0.0265102013183327
4.639808839705236 8.758358954990022 0.026372439422277374 0.014300155206091653
7.522712849703522 0.3757564185232576 0.01860381678020244 0.02353503773544156
6.964157793695921 3.16817666752764 -0.014436229138266116 -0.02629819933507761
9.253944967924262 4.551688521999164 -0.028153343222778574 0.010362879203215079
7.088274982695536 8.005452521875224 -0.020122192967393565 -0.022250783136397174
7.764828964124285 8.725697796378439 -0.0298961724693004 -0.002493766566029162
3.7811055450252407 9.123075208310453 -0.002425682941503509 0.029901773563909197
8.688477368436443 4.618324361683057 0.027766739154507333 0.011358177526590673
2.7883478867387392 2.0083550633166523 -0.02189218127961186 0.020511762450374955
5.237129455660099 3.7233032902114473 -0.029063086957470716 0.007438882745580518
2.0652136883045094 8.20061926975607 -0.029999580512077767 -1.5864772095339292E-4
2.0650635081208013 4.1759031948750245 -0.0059435885303761775 -0.029405335491736538
9.845123550380164 2.9144261894955212 -0.026499636643980796 0.014063045820055846
3.141350545508881 9.784062644139828 0.018410632150605243 -0.023686464991954807
8.234792596738725 8.933403214133627 -0.029091241326376006 -0.007328006419931196
1.3959348495949242 5.918626752953698 0.029840866291353792 -0.0030858870655850177
1.8145328847329656 2.8410410005974196 0.028670716096387994 -0.008831196890587284
7.024581493404714 7.215367243621546 -0.00699841445787776 0.029172284707848432
0.3838887783954281 7.000695952521257 0.0023483574678254317 -0.029907945720214695
9.099796940719957 6.635627421911062 0.0013190307200712022 -0.029970988604974453
