0
2.6438605045224994 3.1237013377319114 0.02496700217868365 0.0166327629156916
3.529083869276824 3.062994362241302 0.027320886107412953 0.012392303349489549
0.7076012274201687 0.3369833024976576 0.015579461916831064 0.025637479719777655
1.8226694297772073 2.0537913846018934 0.025208499575741988 0.01626442587796495
1.1204442179322327 4.112789643216726 -0.012797371310208016 0.027133508574245697
2.980875705449737 1.938826223493364 0.02991815272321139 -0.0022145287603910183
1.2241651557279165 1.5311419939610649 -0.02091506184719573 -0.021507212462985002
3.9943568893085954 4.46478942579152 -0.008400163751453695 -0.028799952238654204
0.8076174710602446 0.579725458520613 0.006952871124194661 0.029183172944872528
3.2857600765455692 0.273127712246945 -0.0015249449149433365 0.02996121731516242
2.3331129966782935 4.327370018100808 0.018377167692475615 -0.023712437824960773
0.7844448160271245 1.9434351898410123 -0.028736370518015468 0.00861516160332071
4.950043116927999 4.812108112237285 -0.016879743540460398 0.02480069067603331
0.00812790177742273 3.461835197806942 -0.0274340549929828 -0.012139712790753964
0.14926143578279483 3.777565020907904 -0.00638488021702574 -0.029312681634648053
1.6470205521668353 4.300631996503034 0.004770414363184257 -0.02961829074750137
1.2977544776460341 1.0958300744608562 0.022033534430681397 0.020359846769855056
2.0143006425794905 0.24755236254827562 -0.025476476736074772 -0.015841374091796482
0.22301658782801825 4.870954246926424 -0.026477730199660637 -0.014104247710316879
2.1628445317510314 0.28875398320852896 -0.020197445473360037 -0.022182497522836513
4.346764830563801 2.251568300584297 9.738021758202667E-4 0.029984190989959483
4.476924839268865 2.242125706067857 -0.02999987665829693 8.602608308541612E-5
2.5639978719074605 0.8049596140316684 0.024537140807221813 -0.017260611837549962
3.3683051075716968 2.078332886720899 -0.028230123827890297 0.010151852474399944
0.45111869430998375 3.56378203030764 0.022009684676837036 -0.020385626809745264
2.0624759943322193 1.4380019635589636 -0.01076700177517155 -0.028001279841704606
3.400468980991116 2.180292605765156 0.019188076306017446 -0.02306117359707549
2.810680977786192 0.3452161152944644 -0.019199233569888348 -0.023051885613304443
3.712116282457774 2.875868595637238 0.017749223143155798 0.02418605130678554
1.6492547753633775 1.4803098169113609 0.028234689931792838 0.010139146140357
0.4304036797353905 1.4041826436960285 -0.02577443425729544 0.015351825256833637
4.726409714108641 2.1683601689658487 0.020328554076434312 0.022062408960978986
3.0553243444048817 1.13782333501588 -0.005336154008909455 -0.029521610057603554
1.3890766814996691 4.882740662078032 -0.028086076509471977 0.010543827877203149
1.0592734829318524 1.7077173226263154 -0.028262343186052176 0.010061806877187118
2.564255124938903 3.0839324606682976 0.020419542689686515 0.021978222774921313
0.1296218525992221 3.674195238955726 -0.005717344447800782 -0.02945016082239962
3.3604281178565634 1.5001853926940079 0.02822626807344564 0.010162568112735247
0.07765239126808487 3.2740865639913808 -0.003522907862313146 -0.02979243394208758
3.3692130421388207 3.0056511994062483 0.028025227875285053 0.010704513185490762
3.604908383748362 3.890325720593712 -0.01237033234261012 0.027330841145734502
0.46418039840728453 3.419719967580788 -0.026703692563652546 0.013671605738388142
4.408489896857855 0.034099209384565454 0.02462649361840813 -0.017132886857225887
0.3056877449994566 3.304303253730936 0.022202760857858047 0.020175168160111244
3.1062390215934084 3.053802422336255 0.011252821051298545 0.02780960298867016
4.585025478036844 2.9989101021978755 -0.029993119815524848 6.424669108760353E-4
2.949413155237881 4.713657559520627 0.02686076621058408 -0.013360360720442568
1.829920879620957 4.141133164887238 0.015591021989088724 0.02563045129013049
0.4020301102656182 2.1757569624969415 -0.002502384787776139 0.029895452335997635
2.3826158230434102 4.066544281832382 0.026341206362066143 -0.014357605907359555
4.149675698690628 1.7149459771679265 0.017273429961741468 0.024528118911910306
3.7218445581363535 2.170310680156552 0.02755542058875422 -0.011861652337548089
1.5626145979080974 4.873077170447932 0.008146480682123893 0.028872735452252912
2.385962620698323 1.3057820111007152 0.01382360573205175 0.026625324872474064
2.794379000277989 2.378911531438568 -0.024407166153728458 -0.017443917001186745
3.3554805210254797 3.9649351882190995 -0.029625246255072665 -0.004727027007147637
1.6228075481304283 3.4178051094292448 -0.02902083406767698 -0.0076020516978220435
2.342965318627442 4.5633398636594755 -0.02864417480595843 0.008916908078795933
0.5203496714762051 0.11118217739346237 0.010942814885233314 -0.02793304140954787
4.224700084803381 4.979049336833819 0.02844701947334681 0.009527176028762525
2.818275387261236 3.9739323732573277 -0.029214489536674434 0.006820088057462308
4.024017234205407 3.270720078497536 -0.028157622532903714 0.010351245977876906
1.8585646767234838 3.7568920915490422 -0.0272185163205308 0.012615560602248251
2.8476043153490953 2.5348863863747 0.029985869665682688 9.206630179879817E-4
3.7203854806854593 1.284502244184993 0.023093283195178515 0.01914941960653862
3.8944513929484796 1.3246193371329484 0.021926937787221715 0.020474603763572772
4.087272373959347 1.481950960507374 -0.029357534394558866 -0.006175368351142557
4.7479824012164515 4.220089597568954 -0.02956105850577345 -0.005113102777985109
4.5678459153168705 2.8033732127241313 -0.015389941881765378 0.025751692932230376
2.2551607487774956 4.653537235833305 -0.029709174877157175 -0.004167124682379076
4.887968201609555 4.259114453867136 -0.013880301755067874 -0.02659581213627927
1.2562470030385846 0.19389287926197984 0.028557197416422802 0.009191652502105092
3.785827119322832 2.466193141088322 0.029519875877395938 -0.0053457392550644795
0.6040495941624868 2.2962380423661632 -0.0019520496140884157 0.02993642434066128
1.7231374654420883 2.866786133257144 0.005768953953806223 -0.029440094603768913
4.384944219833167 4.234267375817541 0.0063840302634745995 0.029312866758388546
2.09438918624415 4.964078819608668 0.029842373822994095 0.0030712741018470934
2.093038822317541 2.1351018724767723 0.02800443117322827 -0.010758802659400385
1.0001902500597548 0.08679861013964674 0.025034864706176364 0.016530443101848327
3.015380596189394 3.90978855350328 0.019576610567788227 -0.02273227482407254
3.737925586457539 2.5211915965053375 -0.01012905167807719 0.02823831284094079
3.0461732225714266 4.463533256847498 0.012316152940962563 0.027355298878550368
3.4502671081100478 0.5344930301718176 -0.017909182398320424 -0.024067845475316017
0.0821023076274785 0.03049379433849586 0.029846069098054515 0.0030351539325304895
4.2159605923620145 2.7838438460794457 0.02140794328489629 -0.021016659209081346
4.563944951298603 0.3214792494551122 0.027472628394233145 0.012052165328785303
4.733604586307977 4.270236535547895 0.01285561554119208 0.027105961504013475
2.360910575011053 4.521252020093937 -0.022943217470751436 0.019328962002389212
0.4630261939462982 3.5039681961082354 -0.02884126836161271 -0.008257193184941098
2.26727130772657 2.006741431671694 0.029943538057712868 -0.001839708831935409
2.084906251258257 2.026086791836784 -0.008252087683546154 -0.02884272956679145
1.853790626339522 4.069178588313295 0.0015516762323159567 -0.029959844807175916
2.7114730808398853 2.2437242114004885 0.02947341002581771 0.005596257807680757
4.231630490756059 0.3621480322800352 0.007492464691845313 -0.029049319662282132
3.832673714799813 4.534635358222846 -0.016584156716630973 -0.024999314910577525
0.620576298108228 4.323385054659657 0.009709178529581383 -0.028385416190021166
2.2759559558547684 2.3407147913127186 -0.02995768386053945 0.0015928520684526902
2.127686236207829 2.349787562579686 0.0014552533501861593 -0.029964683173475604
3.865708012771554 1.0691277204791205 0.029993327891079943 6.326784476856116E-4
4.2323699898039475 1.0708610125941402 -0.028812748021382575 -0.008356168467444537
1
1.2219638789414806 4.854729657476938 -0.014944366196442165 0.026012802982120876
3.5192944605654253 3.053385364283121 0.01267269743777864 -0.027191960937941174
2.578002758352497 2.8947826916598545 -0.0257832428070943 -0.015337026776739355
2.8156805544094157 0.6765443258857734 -0.029514640713349836 0.005374568220971081
3.323151577696029 0.167126505588176 0.013193083418114678 -0.026943321063348288
4.173112293156803 3.5985394187327464 -0.02722609515605904 -0.012599196107419646
4.500004701520978 0.8908009270924633 -0.015959712452014992 -0.02540251126264877
2.9189382441794107 2.1586418933596496 -0.021541906565943247 -0.02087932617457209
0.8733579408027237 2.322908004838038 -0.009537745670921794 0.028443477416040613
3.106097129858591 0.5479139205045735 0.016540252369281087 0.02502838491713941
0.7197269731648864 3.1308749833288063 -0.02365723299266022 -0.01844817950723021
3.1644914150624226 2.572022557654651 -0.027255834910399665 -0.012534730285771565
3.799082323790337 4.093247921419404 -0.024726498987136816 -0.016988238514899712
4.93800072060442 3.114621084406744 0.01279809484560357 0.027133167310930274
1.311459117469886 2.7070810209516556 -0.0076479475126604675 -0.029008772791064265
1.8493841014586898 0.8930112281411318 0.023587784980041247 0.01853689293639418
1.116822328785691 1.092663112536657 -0.013941935448378543 -0.026563554655829588
3.925542284127444 2.041905518393157 -0.010258069570118055 -0.028191701060677733
4.322823858747031 3.5478554883489 0.02326591376507182 0.018939304545738778
0.3271597112538044 3.3381703716707967 0.009512764250254772 -0.02845184205493688
0.09705844607553193 4.110225795988349 -0.022383790411982553 -0.019974131440251362
1.8332537105108504 3.220878871808486 -0.012317212961270713 0.027354821601807324
3.422688102700951 2.4153279754119428 0.02374236826863074 0.01833848273431355
2.1406302339569057 0.0076638196580175455 0.0201920180850992 0.02218743801458444
0.5328038984318412 0.10815340694828313 -0.02454971812143688 -0.017242718467747296
2.5430700434522313 0.06043304898087243 0.029255284877818397 0.006642914023054211
1.0829472469646284 3.6706034293290077 -0.022584881876242243 0.01974647084003075
4.481997419686873 3.920554769845438 0.028311710373016344 -0.00992204896956463
0.2655221348116349 4.10381193886953 0.0013729000276712954 -0.029968569293745407
0.02055252577665756 1.2845946934992862 0.021436836097620846 -0.02098718795178953
3.1564533899396707 4.767656373706189 0.026089925040484286 0.014809315020685833
0.6319065622360337 3.904898278748087 -0.003201044788842092 0.029828732997896956
3.594845282367433 1.3826102634867465 -0.012130983216422506 -0.027437916214663155
2.940204875633307 0.21246765172301119 0.028175670428632893 -0.010302019020418367
3.921373471451149 4.77731964739125 0.02916044713438022 0.0070475756769981844
4.572958381777401 2.4197462855310774 0.018475412791571912 0.023635970937979697
1.3909120097851506 2.1894605742114637 -0.023721749470049364 -0.018365146394194974
3.925661980878335 2.6745388722935366 -0.029526427271538227 -0.005309434299298144
3.0890128021197367 0.5524224177484321 -0.0024357310072109454 0.029900956748246554
1.9859006480148067 3.2191910250142906 0.0027794307976519773 0.029870968588933698
0.639272548012752 4.215425006117676 -0.022610075235978848 0.019717618969423662
3.9826028705848793 3.5365117418271725 0.028464004215008668 0.009476310677049838
2.9176559957545596 0.4234506407548394 0.009166889088387958 0.028565156124922435
0.31816734610678854 1.8203296080377962 0.017281399742810295 0.024522504417966696
1.7781967340992 1.8338635599274227 0.029828470725937525 0.0032034878104790963
3.2930560656052617 1.3379575888761468 -0.02999096222721706 7.363319126857228E-4
4.439226365278171 3.561172803555327 0.011078306600404878 0.027879582544712282
4.5646256402344365 4.007541924325423 -0.010504980209890245 0.028100629722300072
4.536847550044205 0.14684392044561456 -0.028873716520429322 0.008143002781399917
3.0993416159178127 1.8079638074334907 -0.008083824505089657 -0.028890340624002895
1.8885810229101092 4.358497897772677 -0.020397992892341163 0.021998224609363348
4.819339766020192 4.0947311623850355 0.02999866054725116 2.834878671062962E-4
2.050170743558852 1.47776789812659 -0.029300045068090932 0.006442620507824458
4.934207651356389 3.993587652811779 -0.029790351902426456 -0.0035404708062059145
3.7270098295320193 0.368397946395716 0.008553481306388597 0.02875479016687934
1.5448527230821711 0.3751824839872764 0.024788812629769473 -0.016897182262323545
3.812480401370553 1.9901178473345504 -0.028450060200499692 0.009518091961519563
2.9507963302881675 2.429306963827065 0.022395727657898407 0.01996074604500654
2.172018341390642 4.488051850347435 0.020246734911776868 -0.022137518501680258
4.861936292999731 0.11545721937483044 0.002440438465992134 -0.02990057290577734
0.5366055503223116 1.6249173819398843 -0.0015922510457216424 0.029957715810912524
2.571887473255619 0.18679375993683522 -0.0012504219786883726 0.029973929420001193
0.8847311662528884 2.2014347396140743 0.014935744033807302 -0.026017754517955415
4.987949296454074 0.5952419408699328 -0.0023265715563003165 0.029909648356231375
3.2090936307091384 1.5309488448287356 -0.029999995728666073 1.600874815107423E-5
4.11244637674948 0.774217517320967 0.018448704818892537 0.023656823339268763
2.4242604144136415 2.7833987329770222 -0.0021957685174360943 0.02991953543452566
2.245896372104122 1.0593362787105347 -0.020126742432239036 0.022246668044143346
4.574351141196363 4.611965159904418 0.029999010775566038 2.436236595090934E-4
3.432813949186774 1.7029199904845538 -0.01703059005904995 -0.024697348081131887
3.2551411578337133 4.427862038043237 0.023472049262993237 0.01868322518719984
1.8289680122667944 3.030964510240713 0.008204732664586082 0.028856236100757736
3.9417337112936868 1.7340777658716189 0.02084031415892273 -0.021579650269580475
3.0519555519151647 4.106683849610196 -0.027133322375577574 0.012797766088774292
4.4894446008558155 2.291040753690361 9.554312621602326E-4 0.029984781991925284
0.7367937252648571 3.23735985904057 -0.013111577842173911 -0.026983078521336554
0.5894807429821958 3.524198206244103 0.02451874188701969 -0.017286737583410757
1.4909996623064792 1.0849513442335286 0.02974780581481824 0.00388175851952
1.1594353990504818 0.43773215005408317 -0.029560110379638585 0.005118581282306948
1.9998302440326037 4.419072273771663 -0.022356248266042544 0.02000495347325431
2.1380229071569534 0.5468571394878263 0.029865206882382332 -0.0028406720811284957
0.9268702359161268 2.446232955569129 -0.01199886244274791 -0.02749595061240861
1.6496513284899188 3.6444747701324114 0.010701615354430758 -0.0280263345588718
4.477258016971585 4.5337150278693 -0.004156353265644433 0.029710683727089935
2.0825728419506713 2.971918652818109 0.004975125501746168 -0.029584592717187688
3.514137222975842 0.2515770297770964 0.01666161604613355 -0.0249477564268057
1.969036926515248 2.9479829075149997 0.005447019023140595 0.02950135562582751
0.15144698969199677 4.3228658196311205 -0.029805005502708412 -0.0034149153698914887
0.21104432755208347 4.63965256962666 0.02605953054664527 -0.01486273419288867
4.980278463683838 3.0003553550747686 -0.014618449454485816 0.026197345963792657
1.8142724744952705 4.730573565096775 -0.005655660222200799 -0.02946206896080137
4.9485067174825925 1.887602544444238 -0.022043170869636544 -0.02034941321050823
0.8882239161176753 0.6923259885598404 0.018428425579520076 -0.02367262407634798
0.3153681387479673 1.461751713985842 -0.025329873871868337 -0.0160747469540034
0.8646985461095957 2.006373187926882 -0.024533737079936193 -0.017265449455272336
3.6896221634755504 0.8136578954391893 -0.029996508191753486 -4.5770766004743767E-4
2.160756376958488 2.6729158844920615 -0.022638003394794364 -0.01968554805681769
0.5617751573839624 1.0352245569883607 0.017884916059723147 -0.02408588336633425
4.457242885715363 3.4129122698087078 -0.021782967055339848 -0.020627708216522232
4.821830377758868 0.5014345073552373 -0.02275287604529355 -0.01955266303262824
