0
3.0908794924643206 2.3141064845310066 -0.02549051895111 0.015818768713243832
0.7905739232324429 0.25048640661884575 -0.011497736596144762 0.027709241295381465
3.042426157498283 1.8878262735309912 0.014337060187091334 -0.026352394676608052
0.36239578184045645 0.7219972578758238 0.01041403782663951 -0.0281344595850946
0.450294891764724 0.08627657771110352 0.015247711940049799 -0.025836162265190678
2.9787679283953015 1.1571253653189226 -0.027511797057042913 0.011962483968310463
0.882497374219313 1.5912899330864114 0.027999547353665444 -0.010771506300877622
1.1128529788847883 3.0465590309329236 0.011591917479528892 0.027669973782925645
1.0320187584749414 2.099914822002085 0.02447789829144591 -0.01734452349399168
0.7031633169583468 0.6290435534001837 0.029882341562212044 -0.002654366734137307
0.6377636012167704 0.23206240470680808 0.014703009221846322 -0.026149981258545903
1.2662221975302301 3.1472402623735913 -0.0134317927919138 0.026825117751747007
2.669534218837128 2.771778146328188 7.71756656109961E-4 -0.029990071551494336
2.933570381375235 0.19946578635413478 0.0266110538511697 -0.013851058188100515
3.1219195692635187 0.7659932370572066 -0.006856469249859574 -0.029205972495805206
2.005761328622076 2.4182076071199896 0.005134119321158215 0.029557415631210213
2.664448040597498 1.4206356078109725 0.01854289546207659 0.023583066549592302
1.4696174564620905 2.5748355907781546 0.029963241989470802 0.0014846310923639445
2.9578596595810094 0.7410640290620407 0.029998053753654868 3.417177092764611E-4
1.2464293442194565 1.2183073432808906 0.024126882944541028 0.01782956868183903
1.067897913962816 0.5536209200439182 -0.027388465115107886 -0.012242221148080866
1.270839704866407 2.633742202474963 0.010625332388239112 0.028055343726987855
2.023842872664924 1.0812120021859193 -2.4315821376857616E-4 -0.029999014551866147
2.7318017923636218 1.9081564944774696 -0.029985148223595496 9.438675802292491E-4
3.0546450588792027 2.1425325094659886 0.013243152050205874 -0.02691874669770359
1.186646270400936 2.6068583888167316 0.02853266273958188 0.009267532411018364
2.8130743983546114 2.512588578939321 -0.028453489461439874 -0.009507835582703869
1.378923431309249 2.465712704353251 0.028019373334663766 0.010719828260412253
0.42517817276689757 1.3491696919574672 -0.021951018162800977 -0.02044878484449337
1.3957054456448263 2.8490386864642967 -0.022055108628702146 0.020336474212019843
2.322017305853522 0.6796681673821741 0.014292924680461604 -0.02637635881009074
2.752031655092489 2.7625150198119948 0.0014684344625432852 0.029964040118602417
2.794436898950483 0.014280776203130424 0.026088721285719523 -0.014811435503557548
1.9770969084933299 3.1217144125403076 -0.02864162909005049 -0.008925081684106502
2.8859363391246275 0.9579445921221061 -0.021843107271774583 -0.020564013827892365
2.6476079137033177 1.1657537599020573 0.006736824688629508 0.029233802234992834
2.355649972406437 3.1574258263210244 -0.024254049934001338 0.01765619046677311
1.9775999665140171 1.0820734536455558 -0.010023312029579491 0.028276018389400002
1.0928138892477979 0.4253821665748895 -0.024856282715086178 0.016797773947392795
2.613908984634791 2.7639676383447203 0.02554859760247592 -0.015724794451653788
1
0.5944634657330874 0.994859601902451 -0.0071630017128559535 -0.02913230863597361
1.400385316876174 0.2732863209736361 0.02986199036838947 -0.0028742879532528557
2.427809458380253 2.5244739757774024 0.025230498589486325 -0.01623027852274657
2.760304810568912 2.459811282184132 0.02984750249155334 0.003021025490908175
2.8851515899369673 0.6747476439381588 0.029970930766086618 0.0013203442787555737
0.31660509116919683 0.18701502954255084 0.013668355744815173 -0.02670535622741584
2.4284170219798638 0.07411972885602092 -0.020669080974877154 0.021743713842257286
0.39981913954732795 2.5764840244060783 0.012497211057822052 -0.02727305842358444
0.7457883930313586 3.0714295201462476 0.004666793507888245 -0.029634794386915055
1.928867519120468 0.3640574748970687 0.02906338821126283 -0.0074377056732186425
1.7729016289740418 3.0890928545274794 -0.025803371583772328 0.015303137420469397
3.035364223989399 2.336291083345684 -0.027835861217430685 -0.011187708893421315
0.5667106486701152 2.4321307467067537 0.029950574674262494 -0.0017213589635592954
2.9733483050980736 0.30090864888990737 -3.734883429767873E-4 0.029997675017535284
2.2152602749373362 1.664154559256084 -0.019864548288745364 0.022481096976884905
0.19183182367455945 1.4715776099256082 -0.010231055200819893 -0.02820151608473871
1.6898734387605074 0.624072288966763 -0.006276493757936805 0.029336080619376887
2.8527635312413957 0.5513716728982503 -0.027654473609926258 -0.011628847292741102
2.1754457023486187 3.088797221101044 -0.011128405499888423 -0.02785962295204393
2.5683289138754524 0.1974969021701076 0.005996908370666075 -0.029394507820234634
0.7438809594886089 2.064214379913346 0.028671964147283537 0.008827144041924738
2.095790904611227 0.33567763431146486 -0.021318696828598608 0.021107182794733635
3.138038246531204 1.882485852055812 0.017090373245086606 0.024656016351868922
0.6705062635334108 2.6326906970422805 -0.017345985357230524 0.024476862380353088
2.297809545025214 2.777008249442239 -0.004482502074079549 0.02966322934469328
3.012368950891306 0.11587929555412234 0.010291255531036861 -0.028179603609612806
1.4023949804677411 0.4289496167237403 -0.007294444694195686 0.02909967485391066
1.9504763708846635 1.357745286478133 0.027213038722313492 -0.012627371994911147
2.3615264059205554 3.06235461171559 -0.008901503693644472 0.028648965635639165
3.15792622540951 0.2068444980460591 0.0284988893215013 0.009370875489559078
0.6536464605767676 0.22410899077141933 0.021265969296390252 -0.021160305996960137
2.326240553548973 1.5906892195520264 0.01913483708842091 -0.02310536754954553
0.004714295568057652 1.0454784871591791 -0.011049216628768054 -0.02789112424931192
2.437250943300365 1.8125448406344815 0.020816687694179787 0.02160244230273475
2.11593401482484 1.031339489234019 -0.014597807762489461 0.026208853628676747
1.654297862685194 2.3946552543255715 0.026437671090389175 -0.01417919417020588
1.9485211317180056 1.093459888362173 0.0203854539363662 0.02200984479291691
0.8793168883694117 1.661963502847735 -0.028162131208273985 0.010338973150558064
1.6365225999630277 3.118339156099944 0.008720092952791915 0.0287047030797162
2.9821218345526272 1.7041270946390057 0.029369115804438326 0.006120052031273163
