0
0.7240853916698153 0.3596378122314192 -0.024900106772067523 0.016732742833726843
19.31798738126699 0.3801227076946945 -0.005760154168257672 0.02944181760621962
10.494478084368598 16.150998343066576 0.002698273080159317 -0.029878408966758713
12.206900751959417 3.747928113656953 0.0299444963548715 0.001824044421906251
0.030815904501280134 4.154241751642105 -0.00961321025238663 0.02841806095854199
16.905304116408605 9.954610785203336 -0.008544252617934523 -0.028757533746844824
17.49011065744543 16.728237486471368 -0.009594575054420277 -0.028424358031890466
11.577725773855786 1.5673635216834425 -0.02992067957046261 0.0021801224831878665
5.673191105165478 18.459488912938077 -0.02459547379436735 -0.01717738830062908
8.741111973652337 0.17543845401604585 -0.020016369792519896 -0.022346027394798768
3.943915877856976 0.5857661131482983 -0.022505320825597953 0.019837099952788134
10.453967067353943 7.369587717795225 0.02712107741857172 0.01282369524184972
3.6492143206206973 2.0104819183141287 7.642888259843003E-5 -0.029999902643607107
13.402143924497716 12.157673813534682 0.00712164686088436 0.029142445779118398
4.695348381944515 8.513972718802233 0.008178604977532512 0.028863652239823713
4.111928765359951 9.501111493393262 0.023023944502798255 0.01923273198305602
14.937318417541928 15.87496929388977 -0.01040450174367413 0.028137987551811197
9.79153612621452 0.4381134328185943 -0.001991736381460883 -0.029933810084697955
14.176361087933554 10.427505866299615 -0.01762832087300302 -0.02427431365040927
10.117266988599278 11.607212582621385 0.01938686316550858 0.022894312319915757
0.38575312864249645 14.927357241875237 0.011595134235134303 -0.02766862595195534
2.784927597676341 11.073959399889603 0.017484477287194274 0.024378126548067376
15.285942194353519 17.25730922107224 0.029653957789528763 0.004543433439244645
14.922708414048792 6.808348391648929 0.02947307761290904 0.0055980082193079934
0.9921620669068099 14.169233434040704 0.023415485360743317 -0.01875406743404788
3.5280624571352415 6.011196577928237 0.0069244921669096016 -0.02918991963384633
9.024405646186809 17.58754589713857 -0.02390695944108006 -0.018123390694970765
11.90530657158778 18.232635984211008 -0.02823532762631859 0.010137370163629728
0.8017399382247214 13.565233224425953 -0.0010011910044458098 0.029983288955226655
12.537151071593723 16.790911429895356 -0.015404461228586026 0.025743010201936173
16.5787233784774 16.30975989178631 0.027977806393434997 0.010827850636736155
7.754237128145316 13.748030051054325 0.028278463834368255 0.01001641069287429
2.796890710873128 5.238847846772416 0.013876753494034432 -0.02659766366555159
11.741507909654281 9.431319597286134 0.002476251851241624 0.029897628280002787
19.63220734785625 1.1798805229888565 0.02841270814967172 0.009629019451718748
15.545935908887795 2.4448527654965657 0.013118402120159769 -0.02697976141135773
18.170851298988996 8.92356127629046 0.023687042543864795 0.018409889068789605
1.4712768385936115 7.967802535152031 0.02337446647627312 0.01880516729384729
15.628893789781957 3.651986287925393 0.029978396982816097 0.0011382944876799435
16.14413797871055 17.00137285813366 -0.014498504621987084 -0.02626391752435685
6.272260943368703 5.490484250279943 -0.02787095171985455 0.01110000226259151
0.131334954480693 16.65278199328182 0.019721413112862216 -0.022606765908281222
12.555006589767252 12.72599984715638 -0.00959550677215094 0.028424043515756257
14.73818886073866 19.522146353035758 0.001450427399641255 0.029964917159210867
6.277195782652352 4.174432245941531 0.0285349372642969 0.00926052673030212
17.915740933993337 0.21179989367621443 0.01664324689374508 0.024960014680160843
12.506905866392433 4.784783658689804 -0.029190825670472043 0.006920671692553438
6.383747414159615 18.77088227055314 -0.002683138213473141 0.029879771908891812
12.289721894932626 6.796176457029787 -0.020347877506258244 0.022044588474052076
1.405381527602556 7.821688596720328 -0.02866146866665763 -0.008861163234598646
14.89696868702964 8.50937878611088 -0.011011392481243594 0.02790607882924457
13.335811287420862 13.92660841427804 0.02805501482991644 0.010626200774179284
1.0915459698799812 1.8293820997377708 -0.02274144770632964 -0.019565954007414878
3.254747526223507 19.621266018911278 -0.0299893328713602 7.999462049129608E-4
8.605864319037739 11.949415434087785 -0.026987710954287914 -0.013102040201732248
7.764753975570913 4.0739581374673195 0.002519971094318692 0.029893975073311985
6.155874155644634 12.586517936903006 -0.02701944807681813 0.013036465227358568
0.4120568047156614 14.584506296548572 -0.011398274302504603 -0.02775030347446426
17.721734972287777 18.688999279074245 0.028511237610745005 0.009333237911016697
6.121855557178543 3.5954244870977115 -0.021161885201638655 0.021264397821538866
2.8101256190112034 17.098823316072288 0.02939494505960551 -0.005994764794616496
5.430214225988152 5.48067034639077 -0.023208687892426163 -0.019009387320793672
17.713815604645635 11.786667100810291 0.02213551117196106 0.020248929481727844
15.97159067520683 1.4654545113481454 -0.02748306888571701 -0.012028338398254911
7.5766721663131715 12.441171718724362 0.023566766619995197 -0.018563607167753793
8.414387571367543 0.41542519941190514 -0.023446097184519052 0.01871578282664361
7.970050160584825 7.781277884883679 0.019774126373597226 0.022560672112350875
12.533712025819796 17.15330286216975 -0.004132151101147409 0.0297140594210432
19.74031542052837 13.303480997455665 -0.029980796992552416 0.001073224902506496
12.015257232131361 11.09148750164727 0.02969083713577729 0.004295834049023316
12.585311628379085 18.543993942687266 8.383716015047992E-4 0.029988283262931046
0.4789531127289015 17.423571716160637 -0.015607836218143628 -0.02562021562336281
5.085731879917077 13.536073608104402 -0.026194797081370288 0.014623016305326152
18.615280352886373 15.446888665991988 0.0122459052158465 -0.02738681809638541
4.118847246477904 6.1197811782932305 0.02983459729081108 -0.0031459187044690067
16.697957795369355 6.780422881177445 0.01057283854541878 -0.02807516847843494
0.5176607832003399 0.19720115565625473 -0.027287329434798332 0.012466019906802189
17.468581366521178 16.723456717348572 0.012787884900950558 -0.02713798076055108
4.746608563412691 14.940144648106969 0.006634734537586142 0.02925714096790323
11.81381786228201 9.633451954743965 -0.025988878889389392 -0.014985932539306667
3.921129709682818 12.306694574842549 0.026562770309452043 0.01394342976054647
0.043383914179471184 2.287675223022656 -0.00785368672310184 0.02895374940927986
15.816161737803629 16.902095935175407 0.026529699405165343 0.014006250371586594
12.134391212725026 4.470271437766109 0.029905848997500813 0.002374909627476272
6.13855235733933 1.0605165809200368 0.002375752698809723 0.02990578203481892
4.179153237789168 13.670578730288433 0.01895591560752958 -0.023252381888318806
0.26888976643684614 7.796623489776242 0.01926411222894548 -0.022997695102566107
9.541341400569227 9.402854879157303 0.026074111221041134 -0.014837140022011544
1.3350588871289881 14.686747609154793 3.1460398963675384E-4 0.029998350360139883
11.90892012469156 14.312903503457463 0.019888804090583367 0.02245964095542033
12.72625246941724 8.433232197449655 0.023168500444638394 0.019058346915375175
14.488636439005893 14.4117520398706 -0.01411143532451905 0.026473900224219245
18.292954545464013 19.424335217195583 -0.02999952881926991 -1.6813869808613346E-4
1.910534060130502 3.3962217949931794 -0.008648544257972022 -0.0287263412605556
19.24387650940912 10.545379784725844 -0.012226952781734326 -0.0273952847342976
16.83400889368546 8.4442902183021 0.02806835607601344 -0.010590910593056639
8.32072552116966 18.281706539101833 -0.016131995809353775 0.025293451943279553
5.538860497038566 12.910334123977298 -0.0030831055603797197 0.029841153799803982
12.81929946020024 6.174939171209677 0.02850377302305614 0.009356010017635565
10.652679845021154 19.229933581203177 0.014060645083523175 0.02650091054728489
5.481558517260574 1.2831327290961259 -0.02963327342617005 -0.004676441601243842
15.254245151596573 0.751715677768714 -0.029384353383844913 -0.0060464680775905765
11.69620939606444 9.72208748895034 -0.005801762503270818 -0.029433646594597157
12.483408493471513 10.257978075127296 0.017582568593048683 -0.02430747378216704
1.7408515246895928 14.83651242272643 -0.02742733186800478 -0.01215489475899851
6.000822206059961 15.167349040043256 0.029178314486508074 0.006973231942681457
5.340059483926858 4.210297296726755 -0.02780310206796825 0.011268873741334564
17.63272926907015 2.8198158789604344 -0.024126167424285038 -0.017830536879616592
13.40173691628558 13.65702029200033 0.026663765839016827 -0.013749312393064582
13.701541296980492 15.25280720510025 -0.029334039043007312 -0.0062860284300440905
7.66696999515641 17.554401995458946 -0.020032666016865045 -0.022331419396373807
16.21401133900443 11.350014136740738 0.020454490580294415 0.02194570151762406
15.842170722996421 16.356850355471924 -0.003131230695109505 0.02983614241710888
10.52506462209572 8.482977072276775 0.022515399926463883 -0.019825659286676702
8.68985056234235 0.7329752354861618 -0.027426013991762282 0.012157868091226334
9.523755359305053 17.507492089546112 7.229423949604391E-5 0.029999912892255797
11.086665599431438 5.362067949919296 0.0176847457931395 -0.024233236808813525
3.9429669368784026 9.39835101482285 -0.028493953428028154 -0.009385873323317473
4.20272242969757 17.75455445692942 -0.011912705195315496 -0.02753338800310458
8.158325612416732 2.5201192014183937 -0.027947602342594524 0.01090557303859843
7.140278605040291 13.243358448310671 -0.029999918797503498 -6.980073922373674E-5
5.833950479476098 13.589343313151572 -0.005861532685490387 -0.029421802028035737
8.456240835636963 7.170514367875818 -0.02658587418790759 0.013899327093954902
15.950101715529977 8.273072691404689 0.02994448575121147 0.0018242184889680738
9.282001070492436 0.8482499531713827 -0.009900537294201817 -0.028319240125506878
9.005072007154729 18.015612511242193 0.029919678531718855 -0.0021938178043315296
16.984446093298565 16.625675023078138 -0.029877795186454573 0.0027050609598070004
8.352803205532666 5.453337599847643 -0.029839053795329418 -0.00310336407780927
11.659223372910574 17.79815792663053 0.0231293824608184 -0.019105801919343402
11.488257035367129 2.4669187073716303 0.015539985815790226 0.025661427100709705
5.824820618260835 5.551026715463574 0.0033914696331133498 0.029807682461534476
0.3315342285389433 11.76975695821545 0.018610238474612014 0.023529960134221872
12.544478501817292 2.9643961457826906 -0.02295225259494312 0.019318232341959417
3.833659261150413 17.616555629542358 0.001354030263535746 0.0299694277897565
9.33073491153731 16.591206058996487 -0.004155592033672886 -0.029710790209108787
7.113872561920531 4.850070620118762 0.029445590428439125 -0.005740836552333988
18.510207542185213 11.46306536025007 0.028437335705048396 -0.009556041962987592
1.3597050652502674 2.637942895559766 0.028371529233697502 0.00974968353032282
11.607424899625002 13.722672308749397 0.006005093193081011 0.029392836810053093
11.334101877740085 12.8734197407858 0.005291979038868594 -0.02952956074600798
11.546808723585002 5.5095177518057685 -0.022105828646029415 -0.020281329834909375
1.932941239966799 19.749494049787792 0.015173563657923573 0.02587977909331803
16.30964251509685 14.256787048811985 -0.0077340289842700366 0.028985941345253407
2.1534778899768914 1.3288120469982845 0.029369239502412534 0.0061194583951466675
8.79377448660887 19.14887820978476 -0.0201770892531153 0.022201015050484045
0.3390870268655566 4.322395273526521 0.010262320628364388 -0.028190153871886663
6.121190015016937 3.0352958048527534 0.010553161747956176 -0.02808257070001738
5.865192051155493 6.4970912852548075 0.029854107962848844 -0.0029550359968307026
7.073248164398224 1.429886713091153 -0.02174114869328097 -0.02067177915653723
12.669979170199017 7.3304783168446015 -0.01353405985458011 0.02677366661203958
6.693540844987469 10.113989089236368 -0.024358971569844057 0.01751115370441162
3.293486539724435 15.335966113545496 -0.02594234118683314 -0.015066351042835182
13.809856779267681 19.015092762583908 0.029997600182018386 3.794513404514866E-4
18.38936208988519 11.940889889941344 -0.026838595270855733 -0.01340484255361473
10.152813683426793 18.093597167706545 -7.978694744445324E-4 0.029989388194855682
6.972143260812571 17.40470520751478 0.02254510744350418 -0.019791870309822976
2.1902217618587216 17.521240951017884 -0.019080527870502347 0.02315023663341226
13.853781507416707 17.93879258914518 0.02695134535771257 0.013176683323556997
10.491375281882089 1.995263839046919 -3.76123110929836E-5 -0.029999976421891637
10.638359193065622 17.29711780682636 0.029848261425787812 0.0030135178542406433
11.560062958910928 1.059437149798732 -0.029574960534005615 -0.005032068104866074
9.053098022042292 6.448871071826748 -0.00878232170939467 0.028685725115337332
17.242393643950866 13.191209509695367 -0.013925224189482265 -0.026572318891520515
5.003805619185318 15.758487136055441 -0.029999462861381884 1.7952166601527356E-4
4.076363737110786 11.49549187349689 0.006884736940704163 0.029199321862969755
9.198434255754353 3.060939284074169 -0.011733586070438309 -0.0276101966296442
4.792683968892126 19.389494514818065 0.002465206835638512 -0.02989854102222249
17.065437060581672 4.244136570844217 0.0067454743654742225 -0.02923180760036454
5.526571377948755 12.876599826461819 0.02999615266679816 -4.8044270224193906E-4
4.523637314736595 9.986480185290954 0.028240498203102208 0.010122957139125937
2.5212249653161423 5.035060248413985 -0.02013400725650565 -0.022240093340518557
15.39440882045751 11.134363762498431 -0.0015830666150879432 0.029958202551090978
1.9963623614932446 12.271310523066997 -0.029487650707062312 -0.005520729641839703
5.279640036850937 17.26748429981846 0.025668018289357802 0.015529096467508769
15.65776188661545 0.7275118617985288 -0.02538327766136006 0.01599028502454848
10.892237903398446 8.15248170931379 -0.007647752236900373 -0.029008824273365253
14.712015062345277 15.945514897477814 0.008675997640198942 -0.028718061650244823
4.389353382738655 9.328472954117174 -0.016761763842156115 0.024880580236396978
8.337923958623435 6.369390912657902 0.018887715433931914 -0.023307814262320054
11.429123372906211 12.739761980806133 -0.025553578993838463 0.015716698145782963
12.90297495039047 9.347961087805214 -0.017938378937704204 -0.024046092428653142
7.594041465768329 16.307140038377984 0.024612177589148 -0.017153446135405006
18.788341969143566 0.7469601570537021 0.0012004736072242156 0.02997597142910231
19.580125653033136 6.223089786339793 -0.013827356728615164 0.026623377056632407
8.924724004762005 0.8045907808817776 -0.009988314193326008 -0.02828840008864768
0.16038003246718224 19.618560574845624 0.012273187067537347 0.027374602813652546
11.907258916864611 10.108811006263904 0.014715928910776837 -0.02614271287171556
15.350684511932426 8.568177407397668 8.599148338609499E-4 -0.029987673242159115
11.151593997016606 2.121767260579346 8.568953421305959E-4 0.029987759675784965
0.33070029369844933 8.10245756847544 0.023296162520009944 -0.01890208485435625
6.713169498522915 0.04588198522136322 -0.02700745409134767 -0.013061294863211224
0.33373307977962785 8.343217543033107 0.026403676393356227 -0.014242397021390855
8.293706884019983 14.474253873066168 0.029906434611997157 0.002367523769329107
2.687189719215952 14.872547643467094 0.016083489789647867 0.025324323410237295
5.216060826717818 18.589757240598978 -0.015244937661747806 0.025837799358486846
16.16645634439863 1.224883006237365 -0.022088989833323178 0.02029966817815861
3.8117364926762654 5.004575549004661 0.02289967085031081 0.0193805334020358
19.464112494448575 5.631505898119842 0.029465599382288623 -0.005637238068635406
15.2228404272297 13.934398052315311 0.0282647970935572 -0.01005491149936389
8.455510776208282 1.9606133265568304 0.02998069509262241 0.0010760677317001783
10.99774205950261 18.486179849253055 0.025018578445918545 0.016555081774048106
4.580385459376495 16.73464683788678 0.01488462293186479 -0.026047034383518686
2.420588762746567 17.549739057745008 0.0038539963854675977 0.029751415291726924
7.515312359322506 3.1581599423491813 -0.02687221814584909 0.013337312020114806
18.05983034269016 9.203599382504917 -0.007226507313929095 -0.029116620546377446
13.778128817363903 15.679914016898703 -0.022223714348679716 0.020152084769281
6.7882886578382395 2.6938610597262613 -0.020159488409170354 0.022216998606484316
19.314779671163762 19.605395168995102 -0.01784522118171472 0.024115308021579986
18.192954916184394 0.8785900753653775 -0.023892098280483238 -0.018142977698154452
14.741095776113017 17.971341434126167 0.024364657183822972 0.017503241994407313
14.969726536773676 19.44374041407326 0.029897111931703777 0.002482478226123185
3.953699573785463 19.03041498032304 0.029457754282098632 -0.005678090581832914
12.137677524121136 7.022012142152985 0.01992343313180147 0.02242892802259251
13.430161430711568 2.4476466742080216 9.450815459816586E-4 -0.02998510998598212
13.697285329850018 10.352848727983679 0.023438593670877274 -0.018725178950587142
4.790658105662624 19.294006277362882 0.02334957840987512 -0.018836060842997233
10.123258412453346 10.516987999747968 -0.018583296927263137 0.023551243604386846
7.111335607384801 2.1871703850152735 -0.02766061652288642 0.011614228066204947
19.68838128924238 5.707155915035376 0.028425606207351198 -0.00959087648469091
19.020274817068987 7.963569978533663 -0.026777613947791237 -0.013526248233085783
6.3609653612916865 9.53966863835464 -0.008500314094454989 0.02877055196369388
10.665045731150355 9.994894172854863 0.028637706161203615 0.008937661093628492
8.643332013619604 4.089385870275571 -0.02871998181300275 -0.008669639246288803
10.04824262322508 13.049630691509515 0.02727076368148973 0.012502217732400149
12.398028094959388 7.09970838153227 -0.01664802598639393 -0.02495682733755139
10.753714657157062 6.246812254749501 0.01894173228474575 0.023263937286130663
10.055465810742048 2.5746344001087107 0.010052079545491328 -0.028265804372264287
13.438473120308437 3.3930930110442636 0.017788285490272678 0.024157336345643623
15.662197965636155 13.53333016559652 -0.029838819584938395 0.003105615201131127
2.2879392844148905 12.511446697206836 -0.012770319396741173 -0.027146250984348023
15.501324719424542 11.36875658197637 -0.006217978369101892 -0.02934853906076725
1.5074145491240576 3.773432271642081 -0.028078890905583947 0.010562948712945407
16.421389177714566 5.20765914147862 -0.023445309339266716 0.01871676975298069
13.369866102473527 16.887846761376867 0.028809328678955266 -0.00836794963344818
5.910834535452758 10.064205237502184 -0.029951045168888853 -0.0017131530262003932
6.81639775775867 13.265044597975136 0.02622784652354552 0.014563655679029947
10.152433371981875 18.49576088740448 -0.02233480111902144 -0.02002889560045083
8.505623843594625 6.393930028056198 -0.012758187068908525 0.02715195504406147
18.024355273419285 16.926286164378762 -0.028250435607980733 0.010095191328515487
1.863650766027869 15.701004689604542 -0.017030210196342013 -0.02469761001936034
2.957488886828372 15.7576234766836 -0.019298273301058214 0.022969036714622224
15.366971921825314 18.008559640765455 -0.005689940959360012 -0.02945546760584522
1.8255485871868316 8.736065940990072 4.369608747894042E-4 0.02999681758443557
11.203392652019083 8.310521242296469 0.016755779201459424 -0.02488461097449465
15.186187539954794 19.613084240789995 0.011479059240638762 -0.027716983943963054
7.745594943333815 3.115279570872209 0.021776274064514906 0.02063477375371815
9.19603546218225 6.704475157540026 -0.006849756843351423 0.02920754750380388
13.020207929298955 8.678398714882489 0.02903160772637972 0.007560803715320816
2.8161327111852796 13.21850545225342 -0.028836050022971682 -0.008275398423802607
16.58175641638485 10.115173607430387 0.02792384785978809 -0.010966253722370646
19.369848015420267 13.83539757679478 0.01051235421664151 -0.028097871962550106
9.8626838580919 11.131860664117168 -0.02936846647464248 -0.006123167230102454
7.413891497661858 7.559759215715475 0.020944136326569957 0.021478900193772785
12.062307847553486 6.8708216519940235 -0.024259644188311575 0.01764850316192624
8.972708560445032 10.853846772010499 -0.018035483231346364 -0.023973346545941892
12.791062552738598 11.492103889645183 -0.029989979037156878 -7.753433761185652E-4
13.643154333180691 1.9498868603424668 -0.01489427336754879 0.02604151725327706
2.7713285108761343 8.412881705594542 -0.02420483840395595 0.01772359438258445
13.513201088562496 11.428593278408623 0.008353962249723653 0.02881338776905958
9.619460822399246 3.8349961458353676 0.02995344027071008 0.001670753108332746
8.306271290007615 10.970561771589018 -0.027710757564543727 -0.011494081746667825
12.739956153382861 5.985346012983497 0.029433535513048933 0.005802326016528817
3.1499331966780364 2.906894713714745 0.00539703020708945 -0.02951054159014646
16.23397337681938 14.48736235768866 -0.02770913121432609 0.011498001884991126
16.799898326857246 0.02227543041406488 0.025672098823717095 -0.015522349757214698
3.9802430645456344 11.025047497434127 0.008709976811485725 0.028707774277073116
8.390813103194203 16.142267380356916 0.024303704745462618 -0.017587778018993125
0.14376759134392847 16.94232184602502 -0.02066742720474049 -0.021745285758912266
1.6350258329263778 2.448943912306465 -0.007599299865105259 -0.02902155477503249
10.701161514656068 12.06553592449283 0.02808270869775092 0.010552794520754433
1.0876067043190285 17.234500589368416 0.01583028380747565 -0.025483369372490253
17.473051281415955 6.709187322231713 0.007833770938643816 -0.028959144201458363
3.316187632731895 3.8784165024593986 -0.011483168258462613 0.027715281826960314
1.8931583517379824 13.824960451823873 0.024556818584962253 -0.01723260459086938
2.6709596591383744 15.114424677339484 0.02158795340834869 0.020831713026992427
18.527588523619396 7.320455452343024 -0.002651538529275125 -0.029882592649028455
6.394179935479681 13.971143313887566 -0.02205731795365529 -0.020334077915935996
11.330941697953245 5.882137614692191 -0.007325861115455992 0.029091781638755813
15.02810769791235 11.89419492269116 -0.01124310738009989 -0.027813531534840077
12.870200919901706 7.800458682022111 -0.023166679977791968 -0.01906055977159571
2.901155939736928 2.1950460118574555 0.011972718110705983 -0.027507344856266533
8.282463071784658 13.36451112954455 -0.026998447646768873 -0.01307990155408978
9.75753058438464 7.76715985295038 0.022172528887089375 0.02020838842538383
2.5154952535866903 17.85726733290017 -0.02067423901430531 0.02173880956214889
1.6464850579028778 12.545418857444663 0.0033060120879843976 -0.029817281634550472
8.325341245994755 13.966236774716789 0.024106265592652252 -0.017857434283135694
8.741829939328557 8.97964274071593 -0.017880848719951437 0.024088903027207592
11.404818293540611 9.891479198552462 -0.02532543609904451 -0.01608173766709348
14.996310278042861 12.304454662437704 7.452991216427644E-7 -0.02999999999074215
1.6602516868375372 4.384166928675361 0.02978896935760889 -0.0035520845445229238
3.062149906766951 16.010268223540606 -0.018429932118506683 0.023671451204082008
0.7482357346335688 16.622550188416643 0.024881642425121076 -0.016760187058276373
4.779245216562296 11.985791667053299 0.005899462688747581 0.029414220030183957
6.174093600495323 4.904026965422375 -0.00335130706542752 0.029812224689768047
8.234484700134823 9.580721650978937 -0.0065656502583203704 0.029272721716393533
3.121111870308888 9.715355548204503 -0.02969724176715495 -0.004251332899591333
5.855213042894675 17.535243967649052 0.0194194540674112 -0.02286667452262586
14.244017722065177 3.3886223738655064 -5.961685834254035E-4 0.02999407579873293
1.5802528410081695 4.485137990435217 0.02977793643540588 -0.0036434189505088416
13.378634046984585 18.246708944429788 -0.029070969314071635 -0.007408018840439411
9.65393866675585 1.6596600017173557 -0.014243595969593103 0.026403029634021
15.88669076364818 19.31443366459511 -0.022973599265221335 -0.01929284159477348
12.250545324413567 5.463571729762872 0.02461260129653591 -0.017152838173834634
1.502429529924858 16.18358656903992 -0.01728803948663876 -0.024517823939094165
0.63414174968355 8.83164686761739 0.0021853646468186208 -0.029920297146927455
6.345443677832144 14.772495325475903 -0.01953366028459224 -0.02276919225370421
16.00549219157742 15.458301420779359 0.027510576046902095 0.011965291704242589
1.4191828419585772 15.251842352677468 0.020146863993584656 -0.02222844734172862
16.1340185857713 18.06866536582397 -0.022172550827156027 -0.02020836435284119
3.57123754598468 12.493979821986116 0.021278583265957794 0.021147621478400373
5.307210453041595 14.57999154967698 0.02999487025697706 5.547596480573603E-4
0.6319578961402939 3.6562327418112295 -0.010437035510378712 0.028125936246729526
4.478116783466913 19.010786598449553 0.013908608239701937 0.026581019860691862
10.291662701708868 0.9804500958310736 -0.0072128662529699645 0.029120002754408642
0.6168502225905792 7.974018577491662 -0.02812091342629479 0.010450561136648762
8.180699640339753 12.069591421564741 0.02896595769649211 -0.0078085398587078615
7.475256979635871 10.122190257221424 -0.018420242096083818 -0.023678992400895386
16.475463052512378 13.713258598467506 -0.012984971839266429 -0.0270442324042199
0.9932570805298413 12.515553855293685 0.029751023967477315 0.0038570160599341865
12.999178275222631 6.141038933109606 -0.018738958539637297 0.023427578467476198
11.586662744727846 3.017250246856238 0.029446656550071747 -0.005735365552614475
10.988364858479475 3.186118699560645 0.01076904056940592 0.028000495803011942
1.1728300343274567 15.87526937947179 0.013193383945358766 0.026943173904912344
1.1614209592433822 19.480130764197202 -0.016762119271365394 -0.02488034078409138
17.063017569168718 13.962852251328178 0.02998085409070607 0.0010716286632005672
16.099266007842235 11.149395133366758 -0.012315228801161895 0.02735571493445259
8.267163630726266 16.985818940415722 -0.005789964490967588 0.02943596968325206
18.811446208716166 12.655887867490307 -0.016239102812028255 0.02522481991730319
6.243679796506858 2.5343520075562354 0.006200116244396623 0.029352317771446416
15.234124487099578 3.9741945197478867 -0.02323481724834315 -0.0189774410139011
14.047103242654144 4.302529549691578 0.028421913866097655 -0.009601812963608788
7.745914276827426 12.2066784309235 0.02914405895768165 0.007115042337974941
10.980822623828054 18.20337975778948 0.009287105921032936 -0.028526297755080574
12.988167913312394 16.438868529705893 0.027185603796830497 0.012686329106631093
18.488876457656183 7.490015212379908 -0.015785917874386372 -0.025510876050483425
2.6700736440051687 8.988958293643488 -0.011310499420769695 0.02778619446510746
4.795804472776903 18.311462129499752 -0.005915835814291987 -0.029410931413648568
6.895322525852778 8.510075130294378 -0.009334216788647449 -0.028510917153654176
16.839985765749898 9.279704891212008 0.02515689907687154 -0.016344125208652183
3.07317391161563 17.39989718562653 0.0010421638242092707 0.02998189277820047
17.89459666774385 5.434235191171033 0.013028776478202672 0.02702315643075458
2.8170486996683075 7.835069195879698 0.01631570526633023 -0.025175340348488718
15.91958967600134 7.231569318308235 -0.015787595298282015 0.0255098379982638
18.470289522452195 16.090963970346554 1.7655251881122162E-4 -0.02999948048230338
12.563630243718586 18.566772545059543 0.005292533783028246 -0.029529461325183443
10.051040741692681 5.681431089415662 0.011654580237406533 0.027643638680351995
15.700120153554714 9.996596021488372 0.008836164188158926 -0.028669185590802847
13.433287829329192 6.746563239740702 0.02273533017863455 0.019573062143376264
2.7369596260200235 0.8613701471480195 0.013173474103072246 -0.026952914129193616
8.373542593596902 15.954970333091733 -0.023954523390089928 0.018060476437614662
19.423922903362968 19.414855169700875 -0.029596753896144697 -0.00490226058171572
8.38445048706549 0.3338481823239281 0.02296176173328878 0.01930692875896306
14.670163274452936 16.824878893517987 0.013951834740410863 0.02655835663922496
7.217300999961116 15.696071037177628 0.006608927919686917 0.029262981251956928
19.59073820148799 8.397276200644587 -0.018795599959691926 0.02338216033978103
3.5520389207951486 9.93687912852501 -0.014926745721595074 0.026022918017832727
5.675940265756512 3.9334775806209588 -0.02920833760795168 0.00684638694348452
17.050465136384258 1.099282299583031 -0.011144568028865317 -0.027853161462390457
8.10886279549652 15.027537534759183 -0.023525235661635314 0.018616210330368584
6.787880042666172 15.870305888436842 0.011375361911733627 -0.027759703553479814
4.770890974457631 17.54855187014983 -0.027996475771001898 -0.010779487205043825
4.760024573318427 15.620481551116223 0.006497791451962258 -0.029287859366071912
16.734877962517643 15.683747976579633 -0.016583823228655207 0.02499953613811096
1.1228231444685965 12.224803018279061 0.028199202119195816 0.010237431310672711
12.85249337772288 3.818124832158627 0.008794410334188946 -0.02868202131778565
8.456649520029405 16.13047266428573 0.028234670711121592 0.010139199664398198
8.633847741256972 14.21788892256484 -0.028178486674489186 -0.010294313417398721
4.986708019520744 4.32851312971221 0.003165923892387311 -0.029832481055178953
0.6698371350963717 12.924073886938313 0.007827783317666448 -0.028960763255336742
2.6060901395061475 19.343416712210235 -0.024157209438626318 0.017788457834740583
13.473929942211358 10.34425934543614 -0.014592108505772944 -0.026212027188978512
16.945256868822018 3.815770681996913 0.014704640782315977 0.026149063835308704
10.371184847611234 4.58613682053625 -0.024080070000673883 0.017892742348858817
11.755565414257767 13.893016061576628 0.029360588856286743 0.006160829652903154
6.926371582220375 8.376449617050397 0.013623045168934268 -0.026728498654529337
17.607089716490865 2.076437438760972 0.0030284193524433506 -0.029846753194036808
0.8059781232433783 19.159510846980655 0.02446043627077285 -0.017369140952950432
10.361856973116046 13.44890942775038 0.010377286577766294 -0.02814803586900712
0.7738906141628754 17.31565453802569 -0.02994650450703743 0.0017907729643890486
4.029847314476902 13.81618347522718 -0.012962583543421875 -0.027054970483809594
18.02843208611361 10.963604456084116 -0.029910915734471997 0.0023102207525073073
17.34109740668569 3.1602633652853784 0.012963002011639831 -0.027054769983243653
12.03747901819796 15.031410925991839 0.020597012215502305 0.021811994126957963
16.505172551352413 10.290098894316893 -0.0066142695163103225 0.02926177436119703
0.5943925873282607 5.655305896468274 -0.012299028593949008 -0.02736300231416912
16.94853958057808 15.48308348668799 0.029829580131735905 -0.0031931409559157378
18.61369371908825 2.8891319351021583 -8.508555610018548E-4 0.02998793165282181
4.028104838830304 6.479042870971041 0.024805255775154956 -0.016873034283410363
4.2626620296007385 10.510900258601794 -0.015223215528582686 -0.02585060364808371
12.459853696382119 2.0922893762491457 -0.020736078741193185 -0.021679830221637712
4.87152871262019 2.6670913539468355 0.0042446359544684575 -0.029698199703248572
3.0571954057886486 8.060167930410067 -0.028636420662452887 -0.008941778997662679
12.606528829537977 15.40655407844996 0.017492799042423676 0.024372155868149645
5.863799538483163 6.099138841041391 -0.002375386706176527 -0.02990581110747742
13.489999422135938 4.968784669112485 0.029760658248370923 0.0037819598918645086
14.347467237761197 2.4800990739336526 -0.02688579467826357 0.01330992278408309
8.810774329658882 13.088064462635803 0.028842885469704867 -0.00825154275160031
15.389387378485274 3.1891089886033064 -0.02781907849267183 0.011229375397526054
9.524598398134687 7.574886509427323 -0.02840751388797679 0.00964433277652765
14.68908446939599 13.771260752220975 0.025784486829201855 -0.015334935244555682
1
19.57395112463024 19.996349669646673 -0.015143825134427028 0.02589719213153998
13.178934973000448 11.564885363652927 -0.02701210619100424 -0.013051671123879513
9.272809556531438 3.2922989485136522 -0.025653858736777155 -0.01555247671316316
14.31041555222734 12.958893527902624 0.02998529615213784 -9.391563600315312E-4
4.555270900180406 13.465948511259093 0.005138318627972251 -0.02955668590484111
7.781696936806912 8.723623562297366 0.028243710934028797 -0.01011398994833504
9.965907847383871 9.84606200819529 -0.012721858328746775 -0.027168995577004616
6.504928833056239 4.988321597373169 0.026407076372606513 -0.014236092070906491
14.199953460431852 17.539564677491327 0.02012332821054659 0.022249756442051672
10.381037761841746 18.117200705118563 -0.010767649394050328 -0.028001030811861328
16.646291859321014 19.223189089552307 0.004532958134225109 0.02965556087065902
13.71715229939554 19.059068946045116 0.01686641617643126 -0.02480975625360753
15.046442569508633 7.942481754347607 -0.011159945267093699 -0.027847003817923984
9.78138634493102 0.6386825496425041 -0.014871690010916401 -0.026054420665583975
19.796636244480432 0.6157676497729958 -0.02324988304063427 -0.018958980420814484
13.873709023745315 12.084454631861458 -0.02873840037354664 -0.008608388000649971
4.763404811696887 6.936451023720231 0.003992821925062488 0.029733102311644846
19.169501429730186 4.647787053148258 -0.00895906430703291 0.028631017563866795
11.36918157634683 19.723936095957146 0.02802443494523347 0.010706588905920366
12.171220573034791 14.702321164467563 0.022051871357430083 0.020339984504304687
9.183971771158417 0.8234427390625765 0.0297709078627502 0.0037004114673422637
7.527859290354995 13.892630895065041 -0.02986747025102236 -0.0028167748941465573
17.82050341464712 17.667650026671904 -0.005834199410126658 0.029427234277839935
6.833649959215049 5.844590398036855 -0.029674488765316805 -0.004407348014065452
10.499209803038363 16.79542265651542 -0.004240691348651956 0.029698763221478908
10.316244603419364 5.204602268167376 -0.028566740050395653 -0.009161951915019027
16.589141703090252 5.119412198707558 -0.02036303180180404 0.022030590909885222
2.527438658105454 15.330369578073482 -0.016038635051336014 0.025352754992111915
19.54234008346208 1.627104633824208 -0.0030981938061716615 -0.029839591068568608
7.650921216657602 7.237714589885202 -0.010355351549512132 0.02815611291151562
7.160498153061523 11.508431859653603 0.02133625626789382 -0.02108943262562465
12.173576432001191 4.279353925181928 0.005673839030462923 -0.029458573466079368
15.739753491968163 12.384409372466504 0.014957679922070978 -0.026005149708257302
3.6990325501851995 17.7933379632431 0.01391930799721998 -0.026575418432802294
9.44544621520218 5.259962815688661 -0.024817168271647465 0.01685550826812215
16.821519216542384 0.3493203100516773 0.0182679597506033 0.023796673014317312
15.82440625718468 18.8721366205202 0.018502928906639383 0.023614436725779602
18.369162655160494 10.415728461352158 0.029982469300423455 0.0010254436352940544
0.6561181929891347 9.021838943817231 -0.029689897503673165 -0.004302323351560387
4.050648412647142 8.883515396784318 -0.013412710311255566 0.026834664188439897
16.80170652816666 8.970147084013098 0.015255169232950958 -0.025831759747915482
11.617270755545082 0.9633228333668731 0.0098238754188127 0.028345925134940428
17.19437753913513 13.693522829966563 -0.02839126914142694 0.00969205017212861
18.040760653175447 2.0107960428097527 -0.005382438771347711 -0.029513206414632297
9.927533855703462 1.308126772921221 -0.013433683475289986 0.026824170971079808
1.8005030544971845 11.755268891999961 -0.010771192425832918 -0.02799966810027718
0.27550997162858026 6.811249108302846 -0.0195546199006372 -0.022751194266271025
9.003842211655954 5.5733930182394325 0.017910052022048057 0.024067198353101515
0.6025697018181408 4.904782455556598 -0.029390744328874875 0.006015326075509895
12.499641590232438 4.662226931420559 0.009101082312160993 0.028586190735165648
13.091697103266288 14.45613909352878 0.009325989495027866 0.02851360938111185
6.095170629076954 18.464208300812928 -0.019755841869798688 -0.022576685142321248
14.106642938480551 2.4481131734299977 -0.012581586737114217 0.02723423718734328
7.094267834498275 15.154978081752732 -0.029844216896898198 -0.0030533125963281373
3.27687079660133 11.340433196557537 0.02755991651170356 -0.01185120254944322
16.222567158023885 10.537589724148145 0.02992907218059888 -0.0020617076437996875
18.991327431610777 12.819167223726755 0.008797941440920654 -0.02868093838078055
7.112962343518028 6.84393372196328 -0.019320313067366417 0.02295050114875382
7.26657440847343 1.0902770983049925 0.0067818453032170685 -0.029223390875858887
11.348408288198243 13.714548646340493 0.02939091561361776 0.0060144891215463655
18.71856148515669 9.262486550961963 -0.02962362109544636 -0.004737200987231337
18.994172061353915 0.43714508204113267 0.014886801114190962 0.026045789536631878
12.853494269940775 7.9817712616388015 -0.028226239669996617 -0.010162647002228764
8.929775042182994 6.235431729812804 0.029996964620621753 -4.267476410794212E-4
7.777588162156088 12.2822178898177 -0.0281314393415202 -0.01042219365461847
14.381640292266054 12.313967680107208 0.028988268675917257 0.007725301235086833
12.821344038377298 12.500286552533652 0.02505765056053509 -0.016495882770743597
14.067913956269964 12.22007115135282 -0.02041367034031049 0.02198367720007569
1.0320478617512419 0.8936483608634949 0.01445849524647998 -0.026285964224420526
1.4415877917989839 6.0560476811611 -0.024602810289185748 -0.017166878745838915
15.996834536523268 6.0813111522814145 0.027827616515525174 -0.011208200527509784
17.738953620333746 17.777488628946404 -0.015984112377366227 -0.025387165093955007
4.443585542763342 12.28571356668144 0.017660398115058106 -0.02425098633906778
8.927098165433229 15.296842031445038 -0.028824149179979976 -0.008316755620448377
12.391470236759563 15.254399184929675 0.0276579558401637 -0.011620562755028459
13.15360587428257 0.8642427554928589 0.015949111631812313 0.02540916838772944
1.5878652417026262 8.250793699141745 -0.021044254759294605 0.021380817141211098
0.8284701224098523 18.145403201357468 0.029597674060415954 0.00489670197310195
16.311964402343122 12.150048660888775 -0.02529597973053886 0.016128031791640508
1.844368431540917 4.922549449697529 -0.029192719041019898 -0.0069126807384743555
3.523417910288975 16.913909605244406 4.4557939253735785E-4 -0.029996690800902455
7.43654254415503 12.209705310589152 -0.025250828683322377 -0.01619863113986808
15.40008891940471 6.942635749892885 0.02993230179222425 0.00201427640089657
12.504512278486768 16.03633759870536 -0.02614896190051468 0.014704822050111036
9.593277942129966 10.344197458482506 0.029092665841193292 0.007322348957313138
18.50931735263035 14.88930349517833 -0.02992108201102013 0.0021745922123026476
14.51979707812129 8.290804306790347 -0.024777610563357363 -0.01691360442870181
8.903933048702823 9.92542557932082 -0.01900019784571894 -0.02321621161653075
13.633896520729463 12.55733814380739 0.029607238439733268 0.004838536139451758
15.97045764683558 16.12666310620247 -0.028251142313431094 -0.010093213461839749
1.2415077909563044 0.19999361906152924 -0.02415262602575261 0.017794680555158548
18.382720922427776 18.55504553099842 -0.0017860193274875148 -0.029946788391442596
3.8353480548526586 8.218377439666813 0.02968699462413205 0.004322308432626571
7.181537168371978 0.2010172517556752 -0.026668805837381907 0.013739534024413807
14.380453001149036 17.97006892238046 0.020417076235430705 0.021980514052146523
9.474079316336205 6.469962271164604 -0.029112809104908398 -0.007241846865348826
5.141382585475065 0.03017782465439156 -0.028267904217730986 0.010046172959748734
15.318190631886123 9.418148156651448 0.023638150428622468 0.018472624185908598
8.628032794908254 12.00429714785691 -0.009207284233648581 -0.028552161337468067
6.134018078243457 4.169477295329955 -1.1004599929620871E-4 0.029999798163955017
0.5974033756299479 2.3435076104563435 0.024944628756251995 0.016666298215643624
10.743597086026668 5.694020744454891 0.025687075015736565 0.015497553908146998
16.77214551416987 6.244198628909747 -0.008878663625893525 0.028656052279025374
6.85600873936804 19.921628601224086 -0.029948646476765466 0.0017545866207524287
2.4489828118348678 19.950557115608177 -0.02892764112554431 0.007949313109427592
6.511010122470424 16.049714121079838 0.02008286626444872 0.022286284629885425
16.33450261040276 7.858076986917046 -0.016481146958814766 -0.025067345190944147
19.624591513147994 2.3719349470158546 0.014981490677183833 -0.025991439688663916
5.063057246331413 4.3244613350343775 -0.023601224503362765 0.018519778668814293
12.240332702864796 4.929649518280272 0.0037503624378375663 -0.029764656584359526
9.659955380306906 6.549324067975428 -0.029678535584467754 -0.004380014333478962
8.212689572330847 14.134062670548582 0.008315863335298839 0.02882440661988781
19.888483652762137 4.743176908325153 0.017878854362490874 0.024090383282231956
3.602009301308513 0.02462723311503101 0.024626697375161533 0.0171325939773349
5.574903149245944 15.463858887937702 -0.020295819236715484 -0.022092526372295442
11.753171117458901 1.256824194189663 -0.02000529677953039 0.02235594106189473
7.6921508664655835 18.78685433880531 0.023227399543942095 -0.018986519176143857
19.50479244069164 8.925724846910201 0.020844095816893386 0.021575997533744937
6.688877598593708 11.16436356519011 0.024854749223175928 -0.016800042888428457
7.815987478675321 5.043947136157625 0.02921970243247285 0.00679771945270914
5.201397094634226 15.623619662187995 0.002987684131949913 -0.02985085833820687
5.822230064490681 1.4546342912494303 0.012123040107690162 0.027441426685712526
19.2454343790812 7.5022381575966435 0.029337126944683576 0.006271601281293375
19.397986895495393 1.1600875045117642 0.024107740045150167 -0.017855443705365123
12.052992579301522 16.2994646984421 0.01435605654290738 -0.0263420508035507
3.105983537049839 16.910553567225115 0.026032257017129086 0.014910452528147272
12.135505879755797 7.456499578645661 0.012313419872362955 0.027356529221502075
18.28329296849234 6.288589035533761 -0.010557179094691576 -0.028081060691551647
19.593489694354233 7.923724358089279 -0.0016599289814350987 0.029954042060740177
6.222383605666641 6.743276275725423 0.02602822389634814 -0.014917491773135706
18.268410813862882 18.122107643092516 2.9220446760125677E-4 0.029998576908732085
11.157913972392482 4.813524976903041 0.02959897654538895 -0.004888822707515048
5.595274374765347 3.1924054334374907 0.008678496887169092 -0.028717306485452225
6.211907656595839 1.306653482074267 0.0243007269234841 0.017591892194708757
14.952738097789304 7.018505277431171 0.01216737280000367 -0.027421798612522315
10.663029163021431 17.08058122252108 0.006908926162316666 -0.029193607849727247
8.347176486313714 13.117401534510371 -0.026581597355153794 -0.013907504522684173
18.909539002178615 14.366129771256787 0.02488883185906552 0.016749508908955067
0.27136367623364244 2.752422704543127 0.01831614701090659 -0.02375960350415927
11.247184477170372 16.74838763495395 -0.02863930514497631 -0.008932536079576366
9.848036091033045 19.13042534992064 -8.731524030046396E-5 0.029999872933877757
10.977253112112084 10.928599511877337 0.013961378143049125 -0.02655334103925135
19.64187418646 19.807290586599574 0.02392437037782246 0.018100400603985847
9.22840860766737 7.573916548476644 0.008640543449290324 -0.028728748822406554
0.9761495333326975 10.906258878503682 -0.008453040980739877 -0.02878447668758166
11.988161582002533 2.732342356171189 0.009778059326475939 0.028361762212667903
10.835726818005995 15.844874485041627 0.014127175717002621 0.026465504080990625
7.903036402138353 9.682610885841989 0.009290869099055736 0.02852507232916704
11.527051149502203 18.30070760351894 -0.02216132669280681 -0.020220672570779842
11.065117017610103 1.3793474051668086 -0.02074706505111061 0.021669316827371013
6.686478918421519 10.39304336797106 -0.02986056409187203 0.002889067689619378
11.838820148704652 1.955934937724515 -0.002230241677720299 0.029916985510892623
4.906617228686672 9.72442341589989 -0.015371318426952338 -0.025762813701481355
18.31486861975259 11.611845776434366 -0.01615005843657234 -0.025281922642380234
2.549474254339903 6.156842267628367 -0.027837092015793936 0.011184646087571188
19.665677957868304 0.6260643077466677 -0.02582411672161552 -0.01526810386224752
1.036013692795561 15.074551019758218 -0.012710655349354342 0.027174238546644316
4.912140903275166 6.629426165353671 -0.006173294684088767 -0.02935797051472396
0.28239042380757473 18.42834207671361 -0.029659769780701613 0.004505336453116366
11.728216234519158 4.499473150054989 -0.00852405297889329 0.028763527614203033
1.6695320209522047 19.021919895500588 0.029261251309489342 -0.006616583091211675
1.176282501485657 13.612615896361262 -0.020886357213552895 -0.021535089559782818
2.0980894606659817 14.184008597940691 0.016420550115989623 0.025107081349457428
17.889943633293054 4.438197877558682 -0.014741614257679921 0.026128237772145447
9.845899917397746 0.0022975293049443124 -0.014044863103493748 0.026509278006089113
9.346424621045832 10.76336181527527 0.028607123001456188 0.009035071310153358
6.0982443527995756 10.446614520007474 0.021340020243383277 -0.02108562391801561
1.5798758451139472 18.80959663426073 -0.0040955686933226935 -0.02971912376027051
19.58817655930482 1.6859948388450108 0.004375435594836542 0.029679210962480745
16.999353525920682 17.19235832709153 0.024222275698692685 0.017699755929857387
10.628240695445397 1.3520066206939663 -0.02422116091171324 0.017701281425052104
8.848009006270596 17.572451116117676 0.01413693749143045 -0.02646029097276498
3.2368749769162153 17.00089299171791 0.023614253463432766 0.018503162793553796
18.167602219590616 3.877716355238814 0.029986493536993175 -9.001140793624391E-4
6.800892005827047 15.099315034420433 0.012660594949643372 0.027197597973370086
5.746921308343937 15.49928401051047 -0.029033249057255888 0.007554498605423796
1.945488762221388 19.9597534499035 0.0294841255027961 -0.0055395255514681455
2.2035293525658117 7.68899006573915 -0.02534326705288368 -0.016053623113995812
7.618532216014879 5.576472728931627 0.022106678673615723 0.020280403300267574
3.7825510939938867 9.741808988065578 -0.02441177166988153 -0.017437471259834938
9.887127933322521 17.59344133774588 0.028714568938384075 0.008687550326921185
15.298448640788644 11.11510826140969 0.028533052159693626 0.009266333387710745
8.080083080960287 18.941200519753515 -0.020159187865780276 0.022217271312926286
11.477962567478606 8.528444330609952 0.017485596168722303 -0.024377324025092746
14.615498340418023 13.217482315997465 0.007047273262324502 -0.02916052022111619
16.304144605472825 17.854297387398137 -0.012600389864838043 -0.0272255426989819
13.491718614618124 2.800885746114914 0.001724370730631048 -0.029950401426080134
10.26972024550589 6.239871778607952 0.005235433552487026 0.02953963837824514
14.793001810828198 13.06014630738441 7.088275917636822E-4 -0.02999162488837766
17.117395999093333 8.81860001938585 -0.012218819900796382 -0.02739891312136126
12.906796577559124 4.873074814763376 -0.029305182342480265 0.006419212402934078
15.007240751058239 5.440636312846372 0.0073295759143195156 0.029090845929883632
2.1432452931978108 10.956044614819673 -0.022596149560332974 0.019733576083595796
18.37640689805355 4.375141962041771 0.01971948485011345 0.022608447917673295
11.202738581815348 19.12156439888555 -0.007343376877289068 -0.029087365230252397
3.2513015740145312 8.651822039212298 0.02988616720320862 -0.002610940424800533
7.0047998886468505 10.359995200298753 0.005050308118074352 -0.029571851276382954
3.581331425129839 6.7908162085867385 0.025039290653762092 -0.01652373818348688
6.759582608121752 0.3513805114165347 -0.02569260876072618 -0.015488378064479712
3.368649825049248 1.7318728297098152 -0.0017047935970210897 -0.029951522144818547
6.257566171072815 9.361703920542402 0.0038361452462747337 0.029753722282253755
18.98935144657338 11.866590223090892 -0.026564564930106404 0.013940010404377787
12.036963520010913 3.1091934227243656 -0.022839922620527562 0.019450910896107496
19.095440424929087 6.689652695291861 -0.0033703488664611515 -0.02981007796900813
18.662640502703216 2.6825760846054014 -0.016413986592727737 -0.0251113728046428
2.7480559799632998 0.6421783773561551 -0.010187187479001616 0.02821739199975208
1.5533020846645984 7.474009332209364 -0.013160452295821797 0.02695927475599814
17.793013691693698 14.585872543618903 -0.02870507736950734 0.008718860774814421
5.801111322265633 4.811773009642142 0.002874890129882971 -0.02986193240132161
14.719144859093285 10.821341983002293 0.01144310627767441 -0.027731846651780124
15.853020741557843 12.936263916419046 0.029978103776320514 -0.0011459903909534271
1.0453091322546237 18.88604402726391 -0.02577544122826669 -0.015350134510425948
16.81673389294851 10.489393460443619 -0.022927112353632994 0.019348062412652318
18.307772300051926 3.212622161558396 0.006960693790983049 -0.029181308091793454
11.004631054890691 12.051710316220658 -0.010507634542195096 -0.02809963729886328
9.547983060932236 16.210150164582885 0.028053916088154787 -0.010629101190541461
2.061977276827278 2.6704456965793244 -0.028709822377520993 0.008703223486225943
17.35110624416191 0.9998325775946082 -0.02616503035610102 0.014676211584203605
1.0045722200528373 17.919793370180802 -4.2843861025010995E-4 0.029996940516613474
9.415086728045377 4.881255555181962 -0.029665841015581982 -0.004465184972452279
14.51646007186538 13.904063840551501 -0.01924895308636204 -0.02301038472253415
14.73298658879808 9.051177373137486 -0.025946906681043286 -0.015058487098152697
15.168708458838864 13.774467385465544 0.028601611309717008 0.009052504100406044
4.079941826759372 12.00730647986929 0.028165856551934657 0.010328820101823798
18.491322701383076 4.738193943858584 0.025071417873732096 0.016474950858825246
14.879825778994313 16.745384683474384 0.01532076983689522 -0.025792906226419728
4.175426063639156 19.08870487384704 -0.017742277683298637 -0.024191146781596014
14.892628410518832 17.037408766413552 0.029751852303528847 -0.003850621314671867
12.652620207740554 2.310760267591483 -0.019467251571606097 0.022825996500652496
19.65618739930488 10.937784409034283 0.0023470730304673243 0.029908046545865426
16.881302276909906 4.582223302043302 -0.024023213716959587 -0.01796900672572874
14.317285039216081 13.8158975596688 0.0077690709496673295 -0.028976568750958682
8.791346862836908 3.714107201082799 0.014823877109958803 0.026081653847653898
6.416754692891824 15.708782749175235 0.0019155667981563258 0.0299387809344636
15.3623493109672 18.3852379335556 0.02985821582830758 -0.0029132366107480273
18.308198968728856 4.114541170689421 0.02702910764258233 -0.013016425778442307
9.037234984858756 12.020285889335288 -0.020994512249242644 -0.021429662979533776
8.084686973263171 12.431722193501551 -0.02322369634376823 -0.018991048631722424
17.84086613443944 7.349324716891812 -0.029974154784948928 -0.0012450080031563057
8.994450306763262 3.4552655974869695 0.02999986887240706 8.869970903013944E-5
12.358004249451927 18.03054325351615 0.009924088866638295 0.028310995393434433
18.114638013954472 17.466647227454 0.02292650399450345 0.01934878328448632
18.239964732059832 11.109771148385745 -0.0035587351687963 0.029788175573511922
5.228647118411198 4.742800022403529 0.015684182941436427 0.025573548941426855
16.205268245648927 7.8631481446506495 0.006759124772648425 -0.02922865430203331
18.06199398807572 5.43102174926994 0.017163427795078512 0.02460521786782483
7.064866549120083 11.992060701281142 -0.017979118784180716 -0.024015646727588245
6.8560791738673865 6.808691566756555 -0.006389217197416204 -0.02931173661870345
1.0628317544406651 5.419469769943623 -0.010983253144525409 0.027917165872689737
12.218171634432647 3.5179825924381536 0.028328584570515472 -0.009873768086761636
11.142099489674147 1.2184242579681759 -0.0027876997575149573 0.029870198025154622
8.73639300974875 13.425153959315505 -0.010351725268128161 -0.028157446332599072
14.422651016064066 9.569010850179197 -0.01648576862182767 0.025064305953837265
12.385094685458284 6.727240461593286 0.029774264677887748 -0.003673304083667188
19.454749757198794 11.108675273311873 -0.02733651750646175 -0.012357783402330302
12.60067466232263 3.6792588579225516 0.011824542794193982 0.02757136535807168
6.35825864321558 18.569870151678966 -0.028734429823718665 -0.00862163225298941
6.350252509572036 15.143272305754827 -0.023443624483044784 -0.01871888007061275
8.89396521416296 4.082819961570944 0.007374793183717857 0.029079415838310585
18.752605414635106 6.8049996892201285 -0.02998748969756 8.662918900306026E-4
11.384975129517297 8.791898273845177 0.023916567600066406 0.01811070937957577
5.987018535193451 12.539976048009402 -0.02935987601615996 0.006164225848856867
7.203927261670707 2.2612225852604384 0.011375117657786973 0.027759803642524256
15.423141206895563 3.6527950810394905 0.02704317265853475 -0.01298717877603441
0.6907827129787392 11.23558884919496 -0.02536855937109135 -0.016013625305826697
5.143201012101164 10.610501718881443 0.010668866152934355 0.02803881764644814
10.729544350973407 6.321379427162855 -0.029703764846447933 -0.004205514706539953
1.2639436854043895 2.933031989957413 0.029789551181767925 0.003547201768835402
5.091240640363912 7.640525653863857 -0.029956846817724696 0.0016085175595490632
3.5940598938472923 15.015487102206095 -0.02628156406648623 0.014466491980406986
11.783155743917888 9.008644837002151 -5.092923585071428E-4 0.029995676710045504
16.01557362085155 3.202267936099652 -0.023569300535166926 0.018560389874218156
12.206379438534602 8.15299198340223 0.026950288125162983 -0.01317884554772151
11.324327684482544 8.21247507230259 -0.027556181409633482 -0.01185988474308962
4.528553542100866 17.311525483461846 -0.029808211817697782 -0.0033868138760880157
15.812239055454949 11.267761157873661 0.009804415281716161 0.02835266197350172
11.377021920915222 14.573130696424055 0.022357905320943047 0.020003101501010947
17.267033749275626 9.67380354616533 0.02762054344390433 0.0117092091903507
9.237680200213061 17.800445902691003 -0.017098251817938483 -0.02465055343740508
12.885672828287063 4.268012617932946 0.029052850522128963 0.007478761698224565
16.732521701551722 17.12781471276017 -0.014593567903307661 -0.026211214696223988
8.365222367995578 6.619809217840857 0.026780264136603275 -0.013521000435387918
2.607365308134899 11.992169350621001 -0.028650232901194565 0.008897424048976667
4.606489926700048 16.14404363690967 0.021157285371473166 -0.02126897448656252
2.59143797407843 18.516184832050413 0.02869348910383187 -0.008756922007662378
18.435940437997015 7.788696392172685 -0.01902721757965491 0.02319407232843062
6.530525928314752 12.840333732381135 0.027725072103097353 0.011459510324531883
3.852166174697924 19.54816352865327 0.026138738415305486 -0.014722987266727943
16.021191053260484 6.650576398652548 -0.029974929531540902 0.0012262135128748698
11.804136907690905 19.033975738175894 0.027402275187799526 0.012211278169467203
9.298258047157367 9.565853859478278 -0.025274623015276408 0.016161479865274095
11.616547949447325 1.4440083242986645 0.02041096070239039 -0.021986193013013303
8.902291706596797 7.066353548413449 -9.609117048509005E-4 -0.02998460686244661
4.037413402945789 12.684886125551508 -0.02574919929684543 0.015394113666312029
11.666300625981732 16.02921002919867 -0.029319893248742145 -0.00635168165782612
3.5766009629993945 14.73366761548047 0.026792245274393944 0.013497243909654863
16.23724275961667 17.39993337108373 -0.029310939706468392 0.006392872087237059
11.35083985931913 2.624766788350439 0.010524662941212539 0.028093263782869148
5.551369805676543 17.709933336359434 0.017236763010421853 -0.024553899912693154
15.007866112373101 9.204748010340529 0.02307958932870998 0.01916592174715571
18.71376294992623 19.63508532465103 -0.029725469928937764 0.004049251474509398
1.3643241336241752 3.9368586626740587 0.02999998188719337 -3.29661655295099E-5
5.329896249946662 4.096880114737253 0.029997446226749006 -3.914331019495297E-4
2.9908936457880486 2.9222489776689264 -0.017435056830845574 0.024413496130320723
5.67651317851015 0.9933463238145168 -0.009574105692710024 -0.02843125920856861
10.883319314656887 9.73655827042851 -0.028448519693014086 0.009522695378735459
0.7937370137282551 16.906157887953828 0.01451608630696591 -0.0262542042029218
1.2766896715068077 9.897157107130338 -0.02806047907152191 -0.010611763014536313
19.681018632618073 11.395201912236445 0.02918111511764175 0.006961502746601478
1.2369211873873964 18.45367192039934 -0.027469159187816772 0.012060070211834643
6.7744529402581595 0.031860440204676266 0.010932570308474424 -0.027937052572708225
1.4800034700730036 11.445708765894318 -0.02419661702373555 0.017734816734510425
15.698036337408485 4.344437356399943 0.025583097082143343 0.015668603756736864
18.44569900929966 12.347750285464521 -0.02926853943428888 -0.006584269084984046
7.27978246345705 4.498043306333772 -2.2200191066079754E-5 0.029999991785857487
14.445057708624557 7.110281398417484 0.01673576824849502 -0.024898073442189573
6.80612921258094 8.888866060189539 -0.02344207524638346 0.018720820178157148
14.104876092776369 2.4341203123622246 -0.016659514128520035 0.024949160086095913
11.692969443124735 0.9186520366339446 0.004613249595621619 -0.029643176755680168
7.679108087883231 6.3449256964929335 0.029813315247766845 0.003341591527591746
13.854747681190291 2.986411159050668 -0.023326643860273475 -0.018864455629992765
3.356760369633265 16.267751768425946 0.028057686224364192 0.010619145150864257
17.167636852552178 3.085398947997182 -0.02679696818129854 -0.013487864778773308
18.674998085118023 4.375565882856587 0.01738980272250397 -0.024445751395127814
9.09965343198692 3.1563007707706925 0.02750270515805556 -0.011983372187705095
8.689615566829227 13.176637973089315 0.027519643914298814 0.0119444212429986
4.80792755257625 9.291864961278392 -0.0128597616530345 0.027103994728215678
9.744659018686825 4.726938968730899 0.027436467865327097 0.01213425857128788
3.2070449878019947 11.720917592954422 0.02372597553046278 -0.018359686411479944
2.538425679275418 6.555894167611466 -0.029854992635902636 0.0029460846407052214
7.555663983304306 2.8653869093887008 0.025920011542822374 -0.015104734410771842
17.66128313470294 6.865366591838102 -0.019193889970992747 -0.023056335089979587
11.292275287788518 11.244633948279901 0.008865793490731858 -0.02866003673723564
17.776308227926368 14.728312048679754 -0.009394795011678008 -0.0284910130863848
14.913312768902184 0.11656128844616198 -0.004531094494673107 -0.029655845674678424
0.958683599181358 10.238486209066597 -0.023292650380503453 -0.018906412622484263
6.803593511201152 5.951724052503127 0.02518755205268058 0.01629684698318991
3.173593978617979 10.646638839033125 0.01916546108607947 -0.023079971866490075
3.713567829181683 12.529493644464193 -0.02942677588468755 0.005836511032489451
19.16212751992877 15.70010634468374 -0.0299994552405708 1.807906772739282E-4
12.080861986134241 1.9562501266929133 -0.007603084966028643 0.02902056338183925
0.7648874712743914 16.35738104357352 0.026446094493933297 0.01416347718669222
5.1034000352868265 0.5041911220691775 -0.026134161288262996 -0.014731110404822025
11.525720992145882 11.890369736921855 0.028006978863156055 0.010752168849061557
1.3137350674187487 12.062583653747224 0.01008747880276727 0.028253190464153265
13.80269307340001 10.665462272246252 -0.016571555010754746 -0.025007670113897637
15.742451708703227 18.325778555068645 -0.02455594826186645 -0.017233844752710812
18.02719902312091 17.598449114079664 0.02931281414481572 -0.006384271838784071
5.393323346382104 6.696012260909045 0.005908190099274989 -0.02941246827029022
17.58947913561847 7.833598353830475 0.016336338556157407 0.025161956255001415
15.922682429263979 4.273505420527622 0.02421103016761147 -0.017715135286613167
2.42175367450733 11.467030779470901 -0.026373809206837875 0.014297628751695636
8.79588708012237 10.198661526046697 -0.02272876878802058 0.01958068102443583
0.9683298782106142 1.4197872453628424 -0.02399621272320878 0.018005048595949775
8.89821060972791 15.895786809168477 0.020587549424706517 0.021820925935561633
16.08231997142684 17.604864172847535 0.02376528422569709 0.01830877564644433
16.15664336014989 1.2767401847258064 -0.01834227137029344 -0.023739441463069715
13.615617267416287 10.500828674873826 -0.02427778088165228 -0.01762354548501745
4.171318673957021 8.465807445038076 -0.029287306671630955 -0.006500282141710538
2.1545191450912715 9.755700310602673 0.02856502330375661 -0.009167302965204205
0.5863015833138663 17.81090569827523 0.027838437052925543 0.011181297887557692
13.517410666490404 15.549341194511538 0.02823280126978998 -0.010144403997305377
12.812626754926324 4.495491960789577 -0.018883351856588383 -0.023311349653340106
2.230232301771593 7.628959910332773 -0.028268349904796826 0.010044918798077623
7.05246153988087 9.54231572386075 0.020420481165645894 0.02197735081768277
0.12461318379595632 8.126256371039899 -0.028757245804094177 -0.008545221691852576
5.1004709382276054 3.9239321355559276 0.016754248794673025 -0.024885641388684307
12.294573554010979 6.829509270809377 0.009110243079266327 -0.02858327257394926
12.29256259795122 7.322729475906911 -0.02839896451332468 -0.009669478505634389
1.67010674740802 2.320309150421722 -0.025628684003596497 -0.01559392690260529
19.84654572626346 18.20964683501697 0.005413907627950967 -0.029507449977861765
1.126800240103718 8.530959830614576 -0.009076443359186724 0.028594023430561066
17.74457669951475 4.667786613009264 -3.895587718420884E-5 0.02999997470731655
19.994460097449817 6.510580498433676 0.01929412977623224 -0.022972517410547507
10.731913708082065 17.0443135863725 -0.0010386108740712081 -0.029982016067173687
12.63648171236351 16.618923415889782 -0.029750925734144614 0.003857773705313944
13.876192327163054 16.278384200749734 0.005600488698527264 -0.02947260637164057
2.9650408664708205 11.547663570476292 -0.010363811676049042 0.028152999974130455
7.809506964548902 13.76891942777833 0.02496620005480657 -0.016633966899792015
3.7920338825383726 8.487697491573233 -0.022583268685751404 0.019748315762797595
3.0627515468005795 8.995851275199339 0.028685088830904072 0.008784399738351068
13.186647594494804 15.843573631281021 -0.016615004943182746 0.02497882324566177
2.0362808771219965 4.811530670415554 -0.025404633868794223 -0.01595633347584944
1.8495080154074195 1.0058883824407538 0.005906430788459532 0.02941282161475055
3.808744735857086 13.33239599517784 -0.007615153076733903 0.029017398980920227
12.19007029728103 19.130042442224074 0.020989735554262454 -0.021434341635845282
7.280207004964769 19.57918647231433 -0.0203099897780734 -0.022079499885970102
18.515293496675515 5.373499469752254 0.02996608320248001 -0.001426133760222164
1.6271893887369049 18.269092589118483 0.017776685776788564 -0.024165873516041644
1.6482549664178858 14.789371285661648 -0.014627172883518051 -0.02619247627536721
17.704334371585567 10.224691729491695 -0.029261405608736208 -0.006615900679500953
14.477187357250806 13.675052751222964 -0.029691958465759 -0.0042880767795880825
1.2857606846813274 8.439442551406124 -0.027608932912901906 0.011736559266279104
17.408038792052587 15.681550089080996 -0.017885905917134706 -0.024085148318484684
18.762163453174704 15.572357994791066 0.029955915887534545 -0.0016257623869912492
5.414063642152764 5.890341901735874 0.02495071000244635 0.01665719275189621
11.39806118066431 1.1173410635460823 -0.020243366346600747 0.022140598884341684
18.238705882775864 0.28587847854529835 0.02597225099139456 0.01501473204689329
7.245622798870473 10.225045548258695 -0.011584653664921984 0.027673015727668886
0.14514386470167562 8.956443818526573 -0.029350230562100826 -0.0062099892070375225
