0
6.569747064078979 1.3488013286187228 0.024350877518474794 -0.017522407485281204
3.8164942001871482 15.40783908983938 -0.012982943121656973 0.027045206375618948
0.9629230548122036 1.3541838721549415 -0.02931672901926542 -0.006366270463227327
7.779389703361823 16.054673367562277 0.028114718090567606 0.010467216759383101
2.6430540252768586 10.570382705817416 -0.025024050953503865 -0.01654680857073177
15.579512433770535 15.551926765727508 -0.011226840754254465 -0.027820101485771236
10.173521440829795 9.704931280548125 -0.018044146594396945 -0.023966826525009796
6.438544403487445 4.918832724476077 0.0010517245871476178 0.029981558921990514
11.399970020919438 18.549563912644505 0.026033967500354572 -0.01490746578699686
14.645968131334433 12.892543680702932 -0.019820661689239 -0.02251979951510966
16.771729853623036 16.517199883926654 0.021164803257411054 -0.021261493434730366
11.030901408499112 15.750581791540165 -0.013631275502913525 -0.026724302201622956
8.408289533579207 13.112217046850887 0.016687937174288684 -0.02493015749783771
6.958450695081535 9.348947194833297 0.026708325316246607 -0.013662553158232931
18.56506570864635 6.900474258891542 -0.010836083569789382 0.027974618726062033
9.284529613759272 9.846151879877985 0.017473739881809013 -0.02438582404887883
10.365132936626829 12.638477915803499 -0.025611478160367775 -0.015622169709774774
12.872415944220812 10.839299863310917 -0.02374647390769178 0.018333166037302815
17.884537749953434 5.086184199068338 0.021788054195900585 -0.0206223348425075
7.883838878977927 18.988705326660455 -0.023057793825329142 0.019192137554441747
7.318493897168752 12.731711293891534 0.022341039200118967 -0.020021937155498905
14.235980963364872 1.1875319118981587 0.025222793139620617 -0.016242250651800294
1.1117622976512842 10.452490212011396 -7.941553353288675E-4 0.029989486779592754
9.679889471133125 17.16522606696942 -0.016544889837706734 -0.025025319583536754
2.3940669184291807 14.467614476625377 0.026242866360254035 0.014536573365062588
12.409301385614647 10.008261914642627 0.018785730362159272 -0.023390090524840798
17.293094566854577 0.4291981006038026 -0.012411831141854153 0.027312020205508405
7.643191413426463 11.036557992453776 0.018876367505174567 0.023317005592691134
1.8636633625967503 12.972857537963225 0.02629361177332733 0.014444583064718148
1.119397887524507 17.074052374600146 -0.026278677996170133 -0.014471733924226347
2.319649484633639 6.5028980406799475 0.02636961028956225 -0.01430537147985373
13.956833248116563 19.36993630908456 -0.029093293538604632 0.007319854580289547
0.5204258073438162 18.61779863557651 -0.029172586712813437 -0.006997155456568103
3.1439690143424492 0.9231775357346228 -0.023926206292676527 -0.018097973710896095
19.468500735352368 12.765076557259835 -0.013230353805480946 -0.026925039241973182
12.432915356539295 9.084780807263083 0.008019318557224084 0.02890831247025259
18.829952725399725 1.017982998744087 0.0047779829009672444 -0.029617070743037106
19.290370777453752 14.094991244300878 0.01704826554014108 0.024685150233953165
10.791755285182344 4.043604086984523 0.023099903589542583 -0.01914143291798808
16.595430158985028 12.378898237881991 0.0059266936182912865 -0.02940874534479336
9.205361051717851 8.324279443027029 -0.01561947268951213 -0.025613123060290493
11.98361281995612 11.383880381094638 0.0222783726418736 -0.020091642850444503
16.906600691246815 2.630663844661565 0.008915961381844221 0.028644469494781402
14.30788523885334 5.593679049881006 -0.008515250332381721 -0.028766134807736557
19.008213414596767 0.9416689159793878 0.006610856689277459 0.029262545580209447
13.999862388556469 10.881707978597374 0.0079911023930588 0.028916124957256113
5.180834951419461 18.967839817734845 -0.012010009614584463 0.027491083446412014
2.7341208988292376 6.043253571180431 -0.007132123586313622 -0.029139883547288737
17.50614170931762 9.851863171919724 0.023055123808323457 -0.019195344909192873
15.479617802939769 10.33254342565277 0.023453157455007097 0.01870693468718606
8.124789655419438 2.3717303445656146 0.027014515398378434 0.013046683785191332
4.7059305636982085 17.973990865140664 -0.001993245539564964 0.02993370963009771
3.0219167360228183 5.125067802855076 -0.029980667110148115 -0.001076847078504148
19.327358337192162 13.452396406880805 -0.019634265234734313 -0.02268249608601539
14.99196672406233 12.98112809692659 -0.02011961603310118 0.022253113280630597
9.231250496817777 13.137133179239111 0.009194705645048904 -0.028556214526804943
4.887598614086237 19.99138642677264 -0.018691986047613345 0.023465073142776013
6.452143019316992 2.370564866547249 -7.344244283846553E-4 -0.029991008998681453
0.1571133622782095 5.579445991284819 0.004993083899695226 -0.02958156711823436
14.911835852516695 5.148755949151429 -0.026424147866964214 0.014204379940877766
2.5713362814751495 0.002497082309633747 -0.029940262233964447 0.001892273067356323
18.02627598518192 3.2281209246135734 -0.023276342241286826 0.018926486516691005
11.781870923721595 19.793734480181477 -0.01974473719860726 0.022586397520586023
15.449505198518212 9.877654551962733 0.01029329291256739 0.02817885946975303
1.473263771567237 15.349398266549096 0.008914995364312178 0.0286447701623576
2.0368259919078047 12.22296757026786 0.012122668292773382 0.027441590942643736
3.594529434778626 9.394286803033722 0.029999448922506257 -1.8183604136153982E-4
11.205181336233547 16.543165939375612 -0.0182290504030389 -0.023826492007919822
11.390865671318807 7.312182731419248 -0.01925697673755741 -0.02300367029256794
5.877430050668348 19.01979477073052 0.019715762665164362 0.02261169393324859
11.30183780642723 16.016493119167926 -0.028864175998763678 -0.008176756319739187
19.935123053604112 6.021338309712167 -0.02987347685253296 -0.002752340956563584
9.533084168125148 17.1029345405263 0.024818644145303742 -0.016853335064276748
5.575478928247102 3.447180931233711 -0.007450760908413627 0.029060044079210468
13.217215570242708 19.59924594403505 -0.028044750436766186 -0.010653261141054544
13.363891920090298 4.0492659902956945 0.02970337167935367 -0.004208290731184137
15.21634459444697 7.0230299117526584 -0.017914612707815768 0.024063803762684022
5.472430190965811 9.782984490678231 0.001749567647008078 0.0299489400989174
12.13112911927794 19.18187518281663 -0.019718448951797193 -0.022609351404570814
4.16375392024559 7.583817746071688 0.016653346074282465 0.024953277631008332
18.00458269708866 9.89125042545245 -0.010614841646868425 -0.028059314617643598
19.77265649840219 0.683081234945202 -0.0011431476263822227 -0.029978212313350117
12.265787721984907 13.424227990290628 0.004376159370116396 0.02967910425143155
10.195378515146846 12.512387818763521 -0.0039182465625549915 -0.02974302176771933
5.059271548416122 13.10929078356362 -0.003961948737982227 0.02973723191888581
19.348886771612747 19.937407476765273 0.0014891891240641326 -0.029963015798693714
1.3477368440550874 0.3121776114177943 -0.011533663924223411 -0.02769430621053843
9.524846460126064 0.22971069705787883 0.029994709828346153 5.633669437539029E-4
6.844338383401512 18.516395108181534 0.002585961649441356 0.029888338902448536
13.539965761712875 9.741170865681054 -0.022645614570140395 0.019676791932137845
3.3983153781176 19.983499782007843 -0.029851655212502663 0.0029797115756164173
10.767139214855924 9.28618206065336 0.004452613572618849 -0.0296677304890841
3.084776690686888 18.345010505030853 -0.029961478423275567 0.0015198061361873514
17.39929514987925 14.048007731418723 -0.005736618866954936 0.0294464124126403
2.7833686840565597 3.45670323965821 0.01191435329351773 -0.027532674871818087
18.716435898232003 6.379534728666753 0.0010456978515178278 -0.029981769727675033
3.0066679976382282 11.124498625389265 0.017476193447942368 0.024384065751430713
9.949997250633672 14.825762468102205 0.021303723891319896 0.021122295054335494
14.379996675510343 3.268071618201922 -0.029995869356037336 -4.978168092180734E-4
15.00870068462088 18.403132458084407 -0.005459856257025798 0.029498982518938108
15.390224710128479 9.290122359471466 0.006146201968016545 -0.02936365442802291
18.475479306301665 12.66447212565976 0.016139565589303958 -0.025288622394044235
8.40953707646908 9.61981293590554 0.01314964301285426 -0.026964548737824133
17.722204309905468 14.080536874395218 -0.016889968825464376 0.024793728099558595
14.846376919633187 2.539643330665229 0.029404630417449087 0.0059470757531099126
7.721747353666643 17.19005153197729 0.01408473081429085 0.02648811729604363
11.552380003240748 17.614886497801933 0.027675943209023585 -0.01157765811772404
12.356768881870611 9.9074228480785 0.029701489682379775 -0.00422155310845282
10.98133468977434 17.640068690401034 0.011049948822649496 0.02789083417570774
11.110464705462492 16.116073639498197 0.001106061095071896 0.029979603547311433
18.401626798964102 7.501719750716724 0.019173917426480492 -0.023072947157277236
19.5426951069216 0.6883157853895305 0.018510829072790922 0.02360824447175008
16.742458511359487 16.422200580409108 0.029465821250821887 0.0056360782477369005
13.659412644692283 4.519947532705069 -0.017938083548288245 -0.024046312786259568
19.128997664731763 10.574690119699417 -0.012725019876303244 0.02716751496084409
2.115472901829174 19.897031872326465 -0.010871452489128616 0.027960892703499635
11.242679568417952 19.110822908702993 -0.018177815365030357 -0.023865603460940733
3.2796619646454683 18.05871026405811 -0.02999439819577892 -5.797213753641994E-4
0.42781720777771204 18.473904678796575 -0.026944459443861212 -0.013190758328394859
15.852549461767367 19.40611005805428 0.02788717352555096 -0.011059184090872594
0.7396162668053297 9.92350794004674 0.006678052224091142 0.029247283950690383
8.466427045744982 5.343539199233054 0.010966639408697569 -0.027923696389976764
7.364293633553234 13.100458601009544 0.02150913318490222 0.020913086564018663
14.203566149130694 1.821931892358406 0.029483526928174 0.005542710517033933
19.199446062560273 16.03118403637414 -0.02891873996878117 0.00798163383136677
16.123225400131194 15.571016664402793 -0.0012167364219759524 0.029975315719428828
3.7097316427622418 8.21102328232543 -0.024260997877601817 0.01764664222969911
7.755646788918622 1.7286250883449905 0.02271151849839154 -0.01960068691391245
17.00448129296198 9.508754239960375 0.007560505736883393 0.029031685328319352
13.356618447226921 7.76306955547734 -0.02877431707842514 0.008487560112909435
17.64271350527999 1.9782552848791957 0.007966063065143981 -0.02892303302287208
13.96046997156162 14.585265390663686 0.02148238570629195 0.02094056122376149
2.8673309183312323 4.814225756631478 0.005794631283511303 -0.029435051355283078
1.5514762254018866 7.596421008161556 -0.01634960448214305 0.02515333841217678
8.401690483704915 2.401185313079286 0.02989646325985652 -0.0024902780069801737
11.8100159792104 13.83727922112346 0.02428356504200264 -0.01761557461029379
9.893404307054126 11.619954786194631 0.019683378922026023 -0.022639889447873672
9.884357907781187 6.806296753877756 -0.0020274556310062326 0.029931411989151148
17.534840617535203 4.422398514495041 -0.012789267408661665 0.02713732925602194
19.68302768137125 17.994377875253313 0.023527939241396425 0.018612793316779678
11.987447947397458 14.479768305603285 -0.029767037446791447 0.0037314181809756596
8.655250447707097 18.528028976309784 0.025730726682497124 -0.015424970158500488
15.835443820668244 8.956474644110424 0.019854459843361674 -0.022490007210499926
2.4944008472020363 9.993738712578494 0.007596296099686183 0.0290223411455019
1.4286936610454415 6.85089165492478 0.027729425904148113 -0.011448971090292767
10.415581485084937 9.694115900158478 0.024413446951416354 0.017435125693564115
3.8674430133442383 19.75680682724283 0.0177709129189058 0.024170119032157596
6.564846500840349 11.108573862687926 0.02709739007164242 0.012873672797817056
12.443113818863248 7.399750258006474 0.029042572253030145 -0.0075185767886963495
8.84305780999184 8.7331982714964 0.0032300370598878905 -0.029825607463918494
10.177255901310785 14.14559030730735 0.018393872583671738 -0.023699482090873823
17.28835080896886 10.978618548800776 0.02943606769524468 0.0057894661792752865
18.980175151283095 11.305886623599232 0.027918009418711573 0.010981108782665432
1.66155320042354 13.321310586359218 -0.025680663538581203 -0.015508175915245028
16.85431536893939 18.104402998636125 -0.029925478319496192 0.002113231494503945
15.710102957140998 14.030483152702779 0.02898205937011699 0.0077485633937533155
7.655401813326481 18.438377333718236 0.01998527144912235 -0.022373844665253557
14.6269197222545 18.81469115369987 0.00154475655589323 -0.02996020238888624
7.044220149163591 5.070482951147833 0.019563627701470156 -0.022743448972358377
15.537709074351042 0.6222268341530901 -0.026172819678620275 -0.014662315985901658
8.948950935766884 13.814294333729878 -0.02846516630141538 0.00947281940252036
8.697247549178718 13.247319613008436 -0.02641634379465967 0.014218888160554095
13.334783690384473 1.0064477113024428 -0.014803714765781411 0.026093103095135798
11.893687922073013 18.687899350092888 -0.029958617084269945 -0.001575202335602928
1.2543239115043292 13.658921254330515 0.0033266260455655254 -0.029814988833688418
11.978766419859783 19.405272341920327 -0.029921875020893312 0.002163653214829246
9.62667497867001 15.908857233162708 0.029913295181447006 0.0022792041127593443
7.277378162776538 18.474222490955853 0.023069084490283664 -0.019178564617305268
3.250228697546753 12.672574148533837 0.018132701572344985 0.0238998981940986
11.8862273616606 8.493886574422309 -0.0022055585380957115 0.02991881534310864
12.166753770915921 13.893685619749544 -0.001331518538826606 -0.029970436406244753
18.73956011618748 19.152975909838847 0.008926738601052127 0.028641112721898322
0.32252699632337567 14.76904383944434 0.011431580758643301 0.027736599671888698
11.179263528048306 3.2926274437252334 -0.018660774047892726 -0.02348990233980323
17.86360262823126 0.34442086892347623 -0.006943829160355788 0.029185325706453793
13.183237261862832 11.659064431163834 0.02069443141240173 0.02171958812955256
10.39209941981568 0.5858344098763735 0.0010176277176923974 -0.029982735596142392
14.133889614963904 11.446467208176482 0.011652686116301157 0.027644437166905064
9.821175236682812 5.331162814282486 0.005897864676460974 0.029414540490345142
4.989192468521468 17.045649558751908 -0.029397702631046917 0.005981227300189908
3.5083702464114985 0.4765204148738311 -0.02307915431531362 -0.019166445577882735
6.080945140924266 1.6714807252502584 -0.01895950384432835 -0.023249456208197614
1.2178751275892896 17.606752193175883 0.020544460625470773 0.02186149897899229
1.8250806580899859 13.964128647076638 -0.026969872409418453 0.013138720722341627
7.9471374443990666 1.4807080047533083 0.027109833325040966 -0.012847448660667933
0.8909563413826072 17.156276040814312 0.029916468755936666 0.0022371627511348644
9.224793083074161 12.958612908920557 0.011554168781750997 0.027685757778374256
0.531977320233803 2.568165789794312 0.013296525600146996 -0.026892422854117023
3.3052648805262175 0.9272402557143322 -0.014576745975911654 0.026220573539755824
16.707532087824582 11.319784552252102 -0.029999156768607187 2.2492926116768949E-4
10.59823453817263 4.542660845456434 -0.0151135185326904 -0.025914890653097957
15.392462338574182 5.207362888096954 -0.02192282845492639 0.020479003699786516
18.213695367754752 7.861442365938309 0.022328437162149994 0.020035989965457638
0.32908427714462674 11.339836949037323 0.029939418580680232 -0.0019055747297913128
9.898072387395834 1.0482637531389116 0.028431302292846194 -0.009573977748710237
5.869472628191761 16.717586862178003 -0.029388416418989833 -0.0060266890067472885
16.794147652193587 6.397356497316773 -0.004228158417145649 0.029700550102641537
15.111300723433684 4.495857079640874 0.027960634672360415 0.010872116110435748
9.97487471198053 11.140920141336581 -0.02999807784105606 3.3959658705797635E-4
0.06531077782779393 8.931362076101612 -0.006434448667116772 -0.02930184073313892
13.863775641823498 12.381079059299056 -0.007620330131277247 0.02901603985195685
16.11046786380348 1.372924085824787 -0.014764652727717329 -0.026115226015294393
12.435154838051927 19.601959161063412 -0.022431707527671867 -0.01992030364710812
3.6853588820889227 5.2231479136893295 -0.009360610693090224 0.028502262497079156
4.145963740662646 16.411461299971705 0.019142160720064562 0.023099300486534594
19.410390004255632 18.35333917898417 0.029912925154427877 -0.002284055320169795
13.235499339667282 1.9322393341321908 -3.951064639493308E-5 0.029999973981802406
2.201196773361036 11.470729209056367 0.01676131594904142 -0.024880881971031683
5.374345324367866 12.299595204559983 -0.012433043756739882 -0.027302370280673276
10.173313269361934 19.57575942985595 0.027678280666881484 -0.011572068930201487
15.37273976953877 19.909457343698303 0.020351460664195336 -0.022041280562474355
6.19298486783048 19.755345641656405 -0.02596806390324489 0.01502197247757396
19.181035354832783 0.4586627236586738 -0.029504650157707972 -0.005429145335249641
5.927910548680016 5.670852396816894 0.010715586216285386 0.028020995914516577
16.828737391482036 10.686360437699118 -0.007993936033675762 0.02891534171835948
16.51112594360341 10.439607140613528 5.042144486486777E-4 0.0299957624972224
7.0389748030581645 10.500881434980782 -0.002622059009201215 -0.029885193768022764
17.95505372012793 13.086344317973408 -0.028948930890653382 -0.007871429367540192
7.494752366719855 6.489788069851397 -0.026700563843439322 -0.013677715103131106
16.932376610126227 6.953629182320251 0.02775013429616245 -0.011398686176263842
1.2821900571312317 6.478435075350837 0.020198619500562558 -0.022181428499343632
14.354736439707574 13.693226400051552 -0.02805523595279905 -0.010625616953041905
3.7417849102730383 0.8281440898622372 -0.01580515466144146 0.025498962451988422
17.395733238570354 5.686248518520816 0.02615914588144915 -0.014686697612229297
3.3566757296284444 1.7404353482508794 0.011628768686927419 -0.027654506663940624
3.4751875356679984 19.618804779117887 -0.0253287034917746 -0.016076591038704853
3.6196745913545247 10.337540821160836 -0.025269526761003986 -0.016169447030585288
10.688582411621095 10.819568555318073 0.0018075637054654214 -0.029945495712221628
2.958522292777428 18.28812022831179 -0.010141047762037817 0.0282340069825037
5.8578552394892895 2.8811757641721503 0.015038506014547525 0.025958492576619658
19.359148746781965 8.994528084017437 0.01505129392551157 -0.025951079961494056
9.613748543555964 10.761502266034773 -0.014477660788108474 0.026275413186179705
2.594805130281266 17.79564053470914 -0.019672781683665153 0.022649098455056634
6.699607220707586 13.403616853602012 0.013016139208877914 -0.027029245644211216
16.917425485218264 13.395960155435276 -0.007801007275097814 0.028967987253067325
0.2032353250492247 19.022379392748103 -0.017145244839740045 -0.02461789144880949
12.356666452748264 8.123956891280912 0.026516451751851695 -0.01403131449621599
19.056147288990168 2.366296199634126 -0.022645610273549017 0.019676796876995282
4.749373862424386 14.154228263860363 -0.016080949396280894 0.025325936636465256
19.454618921915753 7.948092978875465 -0.020223569268133054 -0.02215868331054497
9.322925084767435 10.190510582223798 -0.02642273303959288 -0.014207011604077991
0.6082993672157455 10.606595143420401 -0.011951857159621318 -0.02751641529044088
5.802648968428759 19.17872158679285 -0.01620716088641095 -0.0252453547410606
3.3511956939402365 8.663672614001845 -0.02197053238118287 -0.020427816987808434
15.01645450884604 15.467504747159744 0.022832015893432048 -0.01946019142357203
13.785474083268161 3.9082623073276124 -0.029967799058997945 0.0013896112979973206
17.926617421818147 19.712058405235624 -0.014232668269995412 0.026408921862057635
12.587150169721088 14.897562830230694 0.028288318444695044 0.009988545418204094
12.714478234796829 14.166768292853513 0.002305857774071826 -0.029911252396477024
0.38828714779062024 8.523513310661091 -0.029808025532887583 0.003388453014388979
18.45129891655949 9.46226464384553 0.02898292206389254 -0.007745335928049286
9.454165678188112 12.048310597053772 0.019078657201699236 0.023151778320035152
4.167832525869681 8.329350720896933 -0.02622677511244741 0.014565585027766965
17.57494634864464 1.1510932332361912 -0.005039144915950707 -0.029573755570032834
18.63395800577826 1.0197466776757258 0.02642688696197712 0.014199283274126324
9.756053079337635 15.921756677683138 -0.005715171776689832 -0.029450582533507345
12.41316240473045 2.573140851729061 0.026642127519886868 -0.013791194336027855
12.17369560061815 17.847238130587858 0.022260734340392774 0.020111183620723515
2.9873848505613942 11.970559245634924 -0.01557438027616384 0.02564056705717404
8.403133482628157 8.008239550475583 0.013433850670540008 0.02682408723818262
13.865911622488415 8.161959378801086 -0.011164098444057193 -0.027845339034233352
14.756249079059467 5.975367270067135 0.025732225342157498 -0.01542246993644103
17.195303018028536 15.715118008054457 -0.023268502973573697 -0.018936123398647146
16.498262300115844 15.985724583928747 -0.01669466636021746 0.024925651749172446
8.760879645382627 3.344740140195246 -0.014595636153046583 0.026210063053870733
13.75480567566743 12.304244475353991 0.005042558121390753 0.02957317378287958
16.386764297784072 8.97417564906683 0.022964395439231646 -0.019303796054418846
11.261538459874407 9.326177699714144 0.029935773420874404 -0.0019620065479170686
14.261030517039089 4.573553973920983 0.029520084096689794 0.005344589312974598
3.127899373293439 18.743261163716866 0.0211838419618976 0.021242524325826868
12.9827779969885 19.311521876074874 0.014494595367583083 -0.026266075175595593
8.050907977839415 0.44891097126553703 -0.029629672268208007 -0.004699204323987767
9.184128827780366 19.244408784640953 0.029712018999260955 0.00414679719633792
4.677981861755187 4.957391791835725 -0.00966687614698226 -0.028399850449586973
10.144846499221629 1.725537832840811 0.029999921176422376 6.877069466104414E-5
16.02101465655136 1.8060294389350262 0.018460654422569375 0.023647499620265768
13.300702100602496 11.01489297094312 0.02791749958064101 0.01098240488986402
8.096309412968068 14.23328220833736 0.024615180163782755 -0.017149137165015503
13.046468207454849 13.459380377446358 -0.017451998908934112 0.024401387954019388
15.622811190363631 8.601516095615324 -0.024902878513965918 -0.016728617447914058
7.535723505208088 13.537900387998878 -0.029522598868060527 -0.005330680639054579
8.158341599316978 5.471835857045266 0.026284206069067485 -0.01446169116385756
15.755090392030706 10.652234594935699 0.029368686165782674 0.006122113433755144
17.181607401439393 15.536905807028845 -0.0026290133003783094 0.02988458279893554
14.160318342359254 17.610826032048646 -0.020818308447392974 -0.021600880384586324
9.215532658179564 10.061574997343346 0.02574644068390602 0.015398726963944417
6.453388325920583 19.301728782901833 -0.023803578171306305 -0.018258961258585053
5.201378741729492 14.04289116244212 0.0014951800888252152 0.029962717441880678
18.18870580951247 10.274776770517002 -0.008213484109179386 0.028853746356205766
12.227044592995002 17.640949073042616 0.012823729501027635 0.027121061219732415
18.045164373666452 16.230258840915727 -0.017571594001638834 -0.024315408370857564
2.828318865540098 13.897620992047452 -0.023091418285313792 0.019151668375697085
2.699491483010217 2.308499810609279 -0.017589950264775688 -0.024302132615939647
19.047564855618905 9.386677917671765 -0.00939459392800602 0.02849107939211627
14.88255610778066 13.345626558153484 -0.0053336090762224194 0.029522069951513186
5.066777123870683 9.948855303527036 -0.022443665765430547 0.01990682965742262
11.679332586566025 2.8468896237020824 -0.02873240844527573 -0.008628366295762361
2.5350769344027424 1.4691259160267256 0.024693429372086698 0.017036271477226635
9.417654501974294 10.4590572377336 -0.01847232458893944 0.023638384553113255
7.87587376531381 10.848542987493053 0.029366947621766542 0.006130447567708283
4.240905076203938 6.514084868177285 -8.492852330915859E-4 0.029987976167004875
19.265078085046575 14.69459531039089 -0.02793478118134112 -0.010938372838342546
5.023045403132478 8.271310923926485 0.016423748274128742 0.02510498939709103
3.18525271453741 2.274801250393179 0.029808167786269452 -0.0033872013854520087
3.696008858200832 9.496327168863052 -0.02317880344780445 -0.019045815044992125
4.2354029337698185 9.108349632745853 0.028473021042924034 0.009449183704913615
3.042178951828476 13.860259667213956 0.029271243209574763 0.00657223865710332
17.153567546594793 12.057675108273019 -6.033649093380487E-4 0.029993931899405576
13.96854851241944 6.389910005891561 0.014351419348012316 -0.026344577481855688
3.9184613761247067 14.46107394502723 -0.024266215017054768 -0.017639467360044223
13.321891280176247 6.100970772157406 0.02187540841946981 -0.02052964944857533
0.6534802557283048 18.941467939562312 0.005397555473469069 -0.02951044552206598
14.21104317638336 19.44469873758424 0.02517204369273412 -0.016320790922350677
15.365362402047968 8.945390093385079 0.0259178350895139 -0.015108468627652574
8.045802982247437 17.921965140463872 -0.026258233980219682 -0.014508795547530345
17.002080024797827 0.40783650596545984 -0.019456161775285075 0.022835449830777052
10.242212906583498 15.983865640000118 0.01866175532770087 -0.023489122761163904
4.789042396184964 9.487947495533444 0.021958351140416194 -0.020440910331836565
18.628724262051204 16.149015252671038 -5.480738543927976E-4 0.029994993166362463
12.365809810498318 8.050251206773494 0.01340697718170667 0.02683752900043513
18.552103086185635 18.31562996794085 0.01606873043646256 0.02533369104888393
19.151185239100215 17.13651708970955 -0.024234716023649346 -0.017682718661254367
14.748611787542135 17.910460014893165 0.02271178665673422 -0.019600376191772174
19.05412650467633 11.43182628882382 0.02596892319807417 0.015020486940593008
5.125119748696527 3.3629611715165275 -0.018053425032767415 -0.02395983815859879
18.750364784016195 10.71042946962675 -0.02131723955986864 0.021108654565063386
3.284008671286942 15.175710227062314 0.02666879472194719 0.013739555599750732
11.076290517143459 3.1749357227287445 -0.008388202932563068 -0.028803438189947746
17.210237067685025 6.522348835355634 -0.029986790667791776 8.901603484968719E-4
7.656503900774776 0.8865904939595048 0.00992168165014417 0.028311839100157242
2.9913326552067887 5.971242641893777 0.008087019637810182 -0.028889446401370734
4.87082294774649 9.222435660875192 -0.0025926577997761628 0.029887758790736716
11.421563029966958 5.922907069418937 -0.017446412014090824 0.024405382763533687
2.0594008456565605 5.272228263199031 -0.02648388263686833 -0.014092691739926203
8.197757766369085 12.166058841248013 -0.01785466971902331 -0.024108313280372645
16.0273432757813 18.776712919996584 0.011084195983258518 -0.027877241603227455
16.181349368986567 9.292232678711748 -0.029928548798168992 -0.002069291384899023
14.196728894963243 2.7694197629142825 1.2252226470245436E-4 -0.029999749803867565
11.601863059050114 19.44122924377967 0.003914439158055639 -0.02974352309458112
5.105635273486612 18.364195814784512 -0.029648149472274295 0.0045811824750473995
10.52143013425204 16.045595441538328 0.018014292874428125 -0.0239892736912631
1.499565693612317 12.66536136426108 -0.01867755641341167 0.02347656036185507
12.465604687912073 5.15580224463557 -0.02451447920764118 0.01729278199648998
12.316961431386114 3.7893670205571772 0.026047570218377305 -0.01488368521968614
14.637993951488488 2.0001930133537016 -0.029989577567381662 7.907195014660194E-4
16.941175777059996 0.38624868919179045 0.02771947691315661 -0.011473037943848071
12.04760072963641 4.294017681233939 -0.025695765724659102 0.01548313998591482
11.867796962018303 12.43371958534 0.024510844397164253 0.017297933603121547
10.348488614804301 13.276359796322613 -0.029213244079158224 0.006825420893360851
17.29741776089439 17.731536864692515 -0.026246870798560144 -0.014529341804902614
13.069099961787352 2.526413876153053 -0.014918602545396904 0.02602758725069377
12.176307863007324 6.4215035993747716 0.0299287715202664 -0.002066067590300646
1.728368148131998 19.482776189206792 -0.013943601717209932 0.026562680044600547
1.1248053676553371 0.65925803321218 0.0156353260316815 0.025603448593559088
14.320430095360459 18.640081376667194 0.02851620945417363 0.00931803618611231
7.957059530949103 4.615531601777749 -0.006231258445680268 -0.029345722314898612
7.709304295133226 4.192881064100731 -0.02903274070351584 0.007556452027401122
17.734912218329733 12.32198779792167 -0.01841838157017069 -0.023680439614491886
5.207113831641639 6.190963494099213 0.013729889225014736 0.0266737725466201
14.329591864566831 8.222691319587032 0.028973025954255598 0.007782272614990525
9.299375086976589 3.0048464038456935 0.006306079078014687 -0.02932973519590358
12.291460149449646 13.056945663182539 0.02111971315146725 -0.02130628349571415
18.101257112912087 6.203770799791915 0.0296439155589096 0.004608499792365998
1.641659905071553 10.980246286905393 0.027637383711138917 -0.011669405366310372
14.339669916365887 16.137622816207482 0.025178190171952525 -0.016311307110866164
10.379089693341196 2.412627013772235 -0.013158985867412116 0.026959990558997757
8.80521670135101 19.09272302895318 -0.029970102156879824 0.0013390208012526081
2.60809228981296 10.460395596033656 -0.015353611283552088 0.025773370376293087
12.340636225900036 3.5507373243813056 -0.004513857300742952 0.02965847420668382
17.990471232208073 11.048274303333951 0.02333123969746425 0.018858771279684907
7.2509553741161525 14.698995525874949 -0.029100153778660116 0.007292533857194854
0.6513717847957334 1.9719742851395483 0.027800558931222203 -0.01127514625677385
10.945417667531611 15.985662303558456 -0.01995082079864864 0.022404569834304087
19.851067265687774 2.471395740637077 -0.026733381628539544 -0.013613460496981082
11.749911936531934 4.4383959495323815 0.01963957504567246 0.022677898756838108
9.990209303745319 0.8545809321900033 0.009088510047530685 0.02859019036515731
13.946325285938457 5.1117389770080734 0.005640705590785153 0.029464935778618032
0.34850796489535485 16.08244577270962 -0.028755564228771083 -0.008550878661577468
10.674604332033004 19.025464720007676 -0.027175019962527865 -0.012708984618615757
4.0575239889289545 2.6518343997988425 -0.02208807120993147 0.020300667728550128
18.534495268189197 10.11980219018674 -0.013051718913540546 0.02701208310001152
7.056215181440186 3.8746909805746244 0.002268056911835013 0.029914142438730838
5.394600415131072 9.087835814138874 -0.00505566794679895 -0.029570935419964476
19.239415236401808 13.716848915310791 -0.005590647209640208 -0.029474474783740285
16.591700607728924 16.641795578256506 -0.02450731784000906 -0.017302929586887113
6.938545030845189 3.3911916657238894 -0.022882656838839992 -0.019400618959092238
17.605896093361793 14.207358014774707 0.009560111469484501 -0.028435967869777718
15.711853622737692 7.244444320198202 -0.02971735565670827 0.004108378362895647
1.3371707441831027 6.784829156295906 -0.029733677895324297 -0.003988533416821682
9.797388495857884 9.169733413594203 -0.004799571032871444 -0.02961357995751985
12.884143476622782 8.52213763423369 0.02402691461205074 0.01796405784407361
16.311981069869244 1.5409977045578738 -0.004882405098791574 -0.02960003581841235
6.521205877465476 6.353295420919405 -0.021968191622360276 0.020430334232294383
12.367827896788771 13.910445764290085 -0.022687060936521505 0.01962899044939805
0.35857895404469486 7.99630299553292 -0.025480849673401623 0.015834339263812322
7.916072427545506 18.534262003479807 -0.016359959667826114 0.02514660453554521
0.6112507813535917 6.992797838841698 -0.0295591684625779 -0.005124017935267208
9.693089486850226 8.979762595853323 0.01688387684021436 0.024797876982606253
15.844909769312238 15.811971745592885 0.029515174690234045 -0.005371635040187261
17.706351289582962 1.0918689538359194 0.013307332168307252 -0.026887077017822798
1
3.0450241444464 17.02482118712758 0.021466687938792386 -0.020956653094864778
8.006704746074432 1.6182742746571277 -0.019743066571420605 0.022587857852316456
2.5918205326137644 8.060534389925564 0.0024405051004092442 0.02990056746710464
8.994024146580013 7.658658889341825 0.028111076589485577 -0.01047699255416724
3.629185695602619 15.151216864021311 0.018074236600899067 0.023944142734596295
15.322437947303307 3.3489275355327086 -0.02769893041761955 -0.011522554131783035
9.98717160219181 2.0080380030319755 0.026013108406527475 0.014943834549079073
17.926048548160107 2.0393627887035493 -0.027600456404468884 0.011756479331203384
9.540948073077935 5.992737778230008 0.007052887744244734 0.029159162787485555
2.2802008495198023 10.585947507181132 -0.01500715543476275 0.025976629607338802
16.13636061532936 3.6821104307851726 7.239738072136643E-4 -0.029991263093215474
13.43830008745176 14.844594577426138 -0.0025714104068386666 0.029889594318417936
17.14392817175866 5.586010522299512 -0.02490816524814177 -0.016720744719397593
16.518823260804268 14.323748553264368 0.026375376822128902 0.01429473670588953
5.166733469627971 0.37551133475706155 -0.004817633699867125 -0.0296106468273475
8.227974167309446 11.184491696466965 0.029529072956428044 0.005294700211905294
7.958452394493538 18.498494825639387 -0.028659879224109803 0.008866302660040383
18.94421676626187 1.0390131479294284 0.02457801722321066 -0.017202356506466204
14.42832926608295 6.884061340038368 -0.006738432263612118 -0.02923343172856569
18.303195633361277 16.635770420235886 -0.02990781861970458 0.0023499756192037614
19.630432965745413 6.1311276249440905 -0.02997501875888529 -0.0012240303936074497
9.734112239800712 1.5680276005867966 3.895985804909144E-4 0.029997470109095523
10.452658802361253 11.89435900562664 -0.024724380396083153 0.01699132172698107
2.8279869691436077 10.324352905742355 0.02943397196872361 0.005800111563098814
3.6218346298976867 8.063514862821858 0.023177437283820653 0.019047477548341147
5.768216046245158 8.725259657726454 -0.028911859502930397 0.008006521097381382
15.597607020635774 2.9093413794528256 0.02687403538684862 -0.013333649988896813
14.51587980080031 10.157137770820126 -0.013288463866242613 0.02689640734513746
11.599662785346617 4.956680182408208 0.010570545168543794 0.02807603203516792
19.395287673808337 17.808081900221378 0.02133509964227564 -0.02109060272382394
9.747981040363566 14.447404052649501 0.027153220606428895 -0.012755493353790953
13.735631975866315 10.802889965582455 0.017796787339723362 0.02415107369010045
12.129306325503082 2.563547153812522 0.02937753822350691 0.006079494051842674
11.046285167817862 6.886438739224017 -0.027679541281038073 -0.011569053309208542
13.257600482991919 4.9734670154316785 0.029948693871685705 -0.0017537774602426367
6.777650314042343 9.963631632573906 0.007640594755220797 -0.029010710294415275
8.281979348433207 11.807477930102477 -0.00463046407651369 -0.029640492614599306
5.175398570250149 5.905172270191161 0.027388305298874996 0.012242578684885624
18.510264932023784 3.1180007878763805 -0.011001568412950542 0.027909953286509973
0.38989178340573805 12.794321163302653 0.02957620290511692 0.005024760861509094
5.144904298437288 19.674355625238157 0.0265243931673478 -0.014016296483163916
10.358435405389748 5.130619761386146 0.02326374988955914 0.0189419624399384
18.043309994465716 13.212709216428522 0.029268027402847015 0.0065865447653679614
0.727154191803816 18.020013348006458 0.027032512162789787 0.013009353795197598
3.976795413769574 9.823842981022075 9.314807744182044E-4 -0.029985535572453748
10.100682879437281 4.352005316912885 -0.016926246398505682 0.024768976217378735
17.1188962575905 14.01921158416031 0.01612423290312347 0.025298401397832047
5.267843621860589 2.366108322322591 -0.029891662709708017 0.0025472535109507945
16.880100110174176 0.3606243244957419 0.029625512658708178 -0.0047253570985399075
11.004025933354544 4.502057449934833 -0.009378394549167713 -0.0284964158391918
17.94456105411434 2.7497166187354627 0.005625082104178638 -0.029467922412705804
1.0374446772433932 12.358685176210395 3.965560496079673E-4 0.029997378940492772
2.36536126983546 19.116571077806594 0.015416178277412656 0.02573599516861608
9.415758140401083 12.99018309445753 0.029755122165887802 0.003825271871787975
1.4359779512834203 9.076350093885289 -0.028196051652881613 -0.010246105171626538
11.638086712691466 4.368343172123838 0.009462927558391124 -0.028468456263461877
18.06198188622615 14.07994721194058 -0.022876898636757313 0.01940740860505419
6.529180096404803 13.04544290192622 0.025423303131094192 0.015926570814349717
10.481279886385728 10.798446370902484 -0.029523519168506245 0.005325581274081195
9.118751079413666 4.962363525128486 0.029063656345956444 0.007436657838313234
12.083559539629308 18.267919104337906 0.027416064430541225 -0.012180287810245376
5.128732643447888 15.745473603657455 0.010750414935003715 0.02800765214589129
16.107698750061694 4.184767450151233 -0.029973893870053638 -0.00125127385761907
4.630822190466031 14.196421702395764 -0.005621951858337297 -0.0294685197677545
9.184883271385452 14.373781686418996 -0.0015291352677562983 -0.02996100374374837
18.770069533082008 11.16141282550426 -0.013531657708963979 -0.02677488075879024
4.767682599478542 17.730278647482486 -0.02998441583383894 -9.668542307032032E-4
14.098838168785468 4.418478009687597 0.01938878129342018 -0.022892687914614122
11.851585214156696 14.93049471718535 0.01614895039006813 -0.025282630426819087
16.158132397134523 2.177781241685055 0.02839842721443138 0.009671056392485939
1.1530641153780374 8.164759266501783 -0.029940745399313424 0.0018846126746607371
1.7964592887988218 16.47388801480687 0.007417209761055971 0.029068625687508794
9.84233498035505 8.517241145661334 -0.02987467968871194 0.0027392541862452584
9.833945384258875 1.0501970467793798 -0.015247294766692784 0.02583640846359228
16.512255201020494 2.0231834467216303 0.007494628431945889 -0.029048761499710588
15.752825287459878 3.8921752042809588 0.009328960176191411 -0.028512637584605087
14.457389987976054 1.6959192633415965 0.019427331421085912 -0.02285998236778165
19.003504095128097 14.642685658397735 -0.022786666905283238 0.019513272697004713
7.386846466198649 4.935466557415891 -0.004700202916212635 -0.02962951387630965
4.324620968585955 3.702316743369256 0.020720892596554567 0.021694345115768073
5.936210603813537 9.899597487208379 0.029312577041536166 0.0063853603801200445
11.439786057990233 19.54027188331018 0.021381005429745713 0.02104406345773516
4.000402110200372 14.015822964458344 0.014611974272038671 0.02620095814800062
3.054347330117755 19.964800668167694 -0.017287769735923234 0.024518014143843227
3.8907512692164037 18.405142973802356 -0.024556557673883952 0.017232976388575804
18.861575512568336 12.861431557341286 -0.02662621218289966 0.013821896569979304
1.2236458107221515 16.329644372336254 0.021278200779383256 0.021148006326655325
5.09542313521038 12.925113619682513 -0.007463811912108344 0.02905669478348612
1.5599515174861023 6.807377643071959 0.00543956116241761 0.029502731642346576
4.040438845278452 18.598901661309934 -0.02101015673192574 -0.02141432497418294
18.106633429414277 18.388457413792516 -0.028296308657735164 0.00996588763463556
17.019924329054806 12.884734088957185 0.029835725181318724 -0.003135203805946863
4.924862371797878 7.072283152398507 -0.006128753954845222 -0.029367301118096788
16.10985155780099 12.696238940787701 -0.027308437881193606 0.012419710966402958
4.409925712693125 7.971177672954797 0.023670562819117624 0.01843107310566062
14.734907328340467 3.452103403036304 -0.018273812709057237 -0.023792178737440127
7.352731676418336 6.281915070024901 0.024459091274049178 0.01737103491585148
3.1481345439445563 2.8214373171603713 0.029614304201643578 -0.004795100275543312
4.38316876357314 0.29253653970699567 0.015624946578583206 -0.0256097841540381
11.518423736502923 3.7774533579214187 0.02795632696319918 -0.01088318807733756
9.442299940933076 10.59386509449176 0.017111007145486058 0.024641701127704738
18.079509974741907 0.9278099292002095 -0.0033832083166576844 -0.029808621261073084
19.230903311779656 5.637211541005744 -0.010947554892535545 -0.027931184039974407
11.846498199776967 3.691788178925024 -0.029140826149737283 -0.00712827127084734
2.121448483129429 16.723244610057854 -0.015396755352381861 0.025747619785504453
15.285240911256953 18.196251529133868 0.011827489062531978 -0.027570101604377274
0.2718318734454628 15.050843059075188 0.02392898795479404 -0.018094295660768936
10.717480200434917 9.361701975268097 6.172199533222788E-4 -0.02999364998677588
8.802253645745818 11.415337200000602 0.026307678754288986 0.014418947207099825
11.039485799588132 12.831909850140217 0.02997663197628162 0.0011838645862471942
14.7391674236187 14.526781951809046 -0.02539124492739959 -0.015977630645274174
8.590358659425332 0.13814450089574937 9.370273534348404E-4 0.029985362758167773
9.527411091665975 17.912208944467082 -0.007214237752139098 -0.029119663007246683
10.98214021198492 11.44218334322014 9.336396961203828E-4 -0.029985468429187964
15.48611261007784 6.350071020294892 0.003119566518665224 0.029837364239081555
6.838758864204322 19.71863455603629 -0.02564111551363913 0.015573477300083457
6.545890730374326 11.326736290077289 -0.021175507126567218 -0.021250832876212187
12.313608418123911 4.3518944056722075 0.02692133063354205 0.013237898508430643
14.551902395917507 18.857808389361796 0.01172705779740865 0.02761297005785935
7.782524882696156 6.558836269806745 -0.005481845900311213 0.029494904060282025
16.634599372222723 12.122652092100566 -0.027928103074021188 0.010955412301088813
7.244095937470744 4.215366225528827 0.027508467835186654 0.011970137733564359
8.61026907556276 2.847709932342173 -0.027311074746252616 -0.012413911398290326
6.893925943136042 9.660817665968084 0.0018065545330336376 0.029945556610608784
10.736728685478042 18.55938010533225 -0.02449340754306971 -0.01732261489871249
7.452669449490255 15.664058676130324 -0.0297968050703866 -0.0034857434784251523
11.763585636738778 4.214336475371385 -0.02149651622256097 -0.020926055297001703
12.685687055864939 16.431718232917085 0.016269064108759897 0.02520550640286881
6.116371007827532 14.995576370865125 -0.016161118940293238 0.025274853799729387
16.908993813376096 11.482317422547295 -0.016435874694217867 -0.025097052078600163
17.962343923998784 8.11510975986997 0.02847961338966932 -0.009429295900276332
2.0732115653383376 19.247955542611614 0.008505316937044765 -0.02876907339141147
10.23289682715376 13.355456587427398 0.008189088068415864 0.028860679766903083
2.3833021409781896 7.932685580755539 0.01736067608752216 -0.02446644489467434
1.52104528304289 10.065897401457661 -0.025322797677673575 0.016085891886234025
15.663498201705544 6.676508337989144 -0.022968754499844916 -0.01929860919148978
18.917490990838186 9.847137825987089 0.026674121015482017 0.013729212215251845
7.317823214777725 18.356162114690232 -0.02091825316661528 -0.021504108548307456
9.767974751458395 3.8386040416445333 0.012777126330393023 0.027143047779075533
18.458434143281504 3.9962243385081697 -0.027147938547215048 0.012766731478206759
4.188151551518436 8.18239273338758 -0.02858658113969717 0.009099855973778374
5.455535449541474 0.05166195347494629 0.02864108718257688 0.008926820542613722
6.807741008231673 4.880860863023717 7.139988362735919E-4 0.029991502224160096
16.870283965474307 5.728498013371645 -0.026998629588770723 0.013079525997846937
9.168357861504495 14.082353116862144 0.029737890639723753 -0.00395700142782769
15.719778592838496 14.69286651913 0.021646541510113318 -0.020770826672305103
11.691870253634404 11.200562801677345 0.0029539722075679737 -0.029854213240293505
12.732361875682173 0.328079822358891 -0.011018752203443529 0.027903173652455884
19.07853156539392 3.763871581370346 -0.011924348144357465 0.02752834759538172
19.31091139220437 17.16954804997072 -0.0057579940489730875 -0.029442240141198332
17.984150115430356 1.2556588638470378 0.0298565937075605 -0.002929814359589832
9.148025719781197 4.001178758256674 -0.0274844790798388 0.012025115787796109
18.148303191517467 11.386395995230746 0.00970572111028012 0.028386598558641413
13.833856419460366 11.744355364495366 -0.022485582255319644 -0.019859471056381497
4.773823010271931 0.3622547455197811 0.028013386404698293 -0.010735463759943716
1.5562873517611653 16.809422920081722 0.029955769436243406 0.001628458621711099
12.551521586641343 7.099373709743951 0.022723786944566154 0.01958646233749129
7.493030480187972 7.79496402495033 0.01247406437258752 0.02728365294509778
11.631133091123026 13.481751874484196 0.02665828754397695 -0.013759931148906357
10.302494785808127 9.784662607740158 -0.006666333681706206 0.029249957183629337
19.094836121601606 8.365355025410198 0.01655871165314208 0.02501617613441544
18.988819356529902 10.16539012860167 -0.005134410952174411 -0.029557364973457824
11.816145029183136 2.9703872818343124 -0.025289316171069574 -0.016138478478458833
18.28769100642544 6.720989372758663 0.029992977523170445 6.490757233115738E-4
8.394596956500484 2.6441220900150486 -0.020396554003896974 -0.021999558740259183
5.722403239106216 11.279177854660997 0.00893692261383861 0.028637936625990706
19.243150782100223 4.972215160575684 0.020036234986125733 -0.022328217295179458
8.930414450747623 18.62676487310128 0.027750121640203528 0.011398716987183598
9.65571377740886 19.3083308283314 -0.025301121064631175 -0.016119965039443372
14.263405987383557 13.671082120695567 -0.012024955104190037 0.027484549382193153
5.269389309359558 7.609207288976569 0.023796362196010373 0.018268364629497855
15.709866567221402 2.510848042395648 -0.014931744901015813 -0.02602004985027869
11.920035687886848 12.821299075863735 0.02626399692566568 -0.014498360786262134
12.757486190111798 2.472761074780685 8.856286910671775E-4 0.02998692484769918
1.3182128837637008 17.969820191411102 -0.02272104459633484 -0.019589643499853777
14.969516403051028 9.243629851174148 0.020402100668743074 -0.02199441493430715
13.780705051433529 7.742744053076582 -0.020613284095097772 -0.02179661714153802
5.048658264138142 7.641914266180052 0.029850262310207657 -0.0029936332460400285
2.663238340572822 3.120029825597599 -0.02998337481170569 -9.986164933410118E-4
18.4453837945753 17.674872503367304 -0.0247477120003837 -0.01695732144962949
0.06285712996836779 9.038415411908678 0.02046829332398798 -0.021932828554547836
0.7637720987044383 5.353196063670489 -0.025163127916976887 0.016334533768487498
7.391425581410145 2.9584819412955876 0.017072351376868296 -0.02466849850446401
11.143380633323204 4.006773416656837 0.025676805181907777 -0.015514563340627861
19.849929916311183 18.454734592840122 -0.008702834981829045 -0.028709940147604848
4.4542466476414555 6.973149400593128 -0.029930608647044547 -0.0020392807598420717
2.6294354649655483 19.710077555988995 -0.02172555029539096 0.020688172088476973
13.725267169597636 6.6120703014573206 -0.01924224644571368 0.023015993389867387
5.488775412102173 19.37970555788966 0.027287854810409125 -0.012464869828683797
10.112812419046888 12.42030377431812 -0.0270982636348507 0.012871833901046428
7.5590229499221495 10.199954891693094 -0.027329863064097196 -0.012372493075273704
6.472917822860762 17.053414101522797 0.0033844600023713173 -0.029808479171073935
6.8356428003021215 18.646518927672066 0.0020918619617294448 0.029926979692796753
4.980657494096277 2.465495205515573 0.0253447469174134 0.016051286667811523
19.56363063029171 2.772497344122158 -0.027115307181072062 0.012835891728902274
14.185757933351859 18.001638839703457 0.02954336435322812 0.005214366950302787
19.009037129254555 4.146421910321303 -0.02286425520961843 -0.019422302482183632
18.53304725393077 11.656366555249086 -0.027397606463182553 0.012221749469228113
6.039748016337281 10.817643331281012 -0.029234132587413218 -0.006735390995446693
18.026383714705588 18.066972386832592 0.007243968436131832 -0.02911228127949312
15.294342041310898 11.902591922379317 -0.025749365501490127 0.015393835658167524
18.879132350867494 0.05390880858757052 -0.013150280059813862 0.026964238063562296
19.973017503389524 19.3394366380928 -0.00572364761242027 -0.029448936449536434
11.364542155177777 2.2486243753424384 0.029563475076051296 0.0050991118273375526
19.599016977858213 15.416903856432953 -0.02382822298082037 -0.01822678769219371
19.534316436900873 7.847828225768641 -0.01107623435435173 0.02788040588885819
12.320463173340263 19.849410401019448 -0.022310803389034697 0.02005562395279284
12.07978881054743 4.7746099601226355 0.02454602414799762 -0.017247976650202123
4.986073205184322 13.636632958398367 -0.028759770677606253 0.008536720129622352
14.621221182328117 12.171404772810337 -0.029831305268782058 -0.003176983783517908
8.556636006743567 2.09005101630509 0.023752685655532513 -0.018325117302474766
3.5683165553067586 18.545060388632805 0.005231892547734469 0.02954026574641739
6.317448999868612 1.7982994578550104 -0.011778182292984664 -0.027591201892509548
10.027926013598751 10.065436956102815 0.02227657961241784 -0.020093630850884312
10.43286523588077 18.691252226427736 -0.016744895788153132 0.0248919357432059
0.8595873749176941 2.2086855344249456 0.00455600328039965 0.029652029173548772
5.917805453418832 1.6910088374905463 0.005715861284192045 0.02945044871949958
1.899832482731476 5.544755308765406 0.02681979373108583 0.013442420326042821
17.06521858782366 0.835316427398296 0.029330090658666187 -0.0063044255848112365
6.783566265697232 12.093459572676736 -0.0018127676432361508 0.029945181139402647
11.423168783101172 4.541810483460205 2.1974393428803076E-4 -0.029999195199260656
12.064148348194209 2.0997120747203613 -0.002646206263486638 0.029883065311495136
11.908178421462454 19.353720243066995 0.005806449721012033 -0.02943272229402777
16.0395128152985 11.779000919245613 0.0031627490345606437 0.02983281781100112
14.607758431774496 0.7607334850853564 0.025854934774681156 0.015215858431156061
2.5836495985342878 14.71894241161415 0.029700596496305187 -0.004227832513672217
13.987447578534713 16.401525392865665 -0.027630348656258834 0.011686052932174125
2.3024296815946155 17.039533767867987 -0.028728988653829807 -0.008639745999051027
18.986238464158355 16.193339333878153 -0.02495801260366738 -0.016646249033196038
18.609027896791282 17.648609145088944 0.02840404049780569 0.009654557649059542
2.9566998012476953 17.95295731236321 0.027952661073412072 -0.010892600190723674
5.163443568600763 18.20271408856759 -0.027797896382205936 0.011281708945197177
12.367544708823308 4.313766609321648 -0.017279231135918057 0.024524032526310184
10.046795472099843 15.607251799591479 -0.013526097067405854 -0.026777690305982604
18.10950836196437 16.834339959310395 0.01834522888156836 -0.023737156048753396
19.735528909080994 5.6610180272379385 -0.02782786850437411 0.011207574871633177
18.29033271324898 17.95140962017306 -0.012345140251017322 0.027342229466206885
18.28236893652644 7.054254748392667 -0.0051462880005963335 0.02955529935248361
1.4190751218836661 9.858234459059979 -0.021131836864280072 -0.021294259102900333
2.166163433391506 7.33879219114743 0.009936455709787441 -0.028306657307556337
7.399017305869664 2.6795284799474928 -0.014195380515878275 -0.02642898355989922
4.295612297985397 18.363871187076974 0.021127120227072936 -0.02129893872733582
3.994806448820696 0.8452730696962596 0.0253469665622538 0.01604778134484601
19.083635447688962 9.359472391268763 -0.029903489340739747 0.0024044386555418964
6.323259484359665 16.904239088214396 -0.02998862352231657 8.261109106900433E-4
18.978778633350043 7.385630827893987 0.0018176327114769165 0.029944886229975376
4.036176415950301 3.917850996214771 -0.007598509372951227 -0.029021761754055738
8.163903607568002 12.973882291252888 -0.015994807760387055 0.02538042798512787
7.5026833239571395 10.977498230979021 -0.009488824625742557 0.028459834982337857
15.314437856708139 3.875877553550904 0.0296506530800124 0.004564950375278033
12.43072558115459 18.422480826292404 0.022639081583122337 -0.01968430809230365
0.5400494643334053 2.0019374094341758 0.013153558996333733 -0.02696263870117255
18.65249058083707 9.317837098265326 -0.028217120999938488 0.010187938087504768
15.29364486645268 12.66408107454823 -0.017521249694767243 -0.024351710599742653
9.584459449947415 18.18528352792335 -0.011629333402280435 -0.027654269193356104
3.686527837661564 15.606470251913576 -0.02244981977490746 -0.019899889247786625
15.194568590039504 15.557778662731883 0.0283488816225473 0.009815340582516733
12.052249934577063 13.171480262855193 -0.02962798852702763 -0.004709808471935874
3.8893013732583803 3.5277335893797113 -0.02990426491462658 -0.002394773458144607
15.6955687051349 1.1593192222108906 0.029531015608793686 0.005283854380391617
12.982574776759437 1.1470013280052305 0.0017201005056866675 0.02995064697548847
9.675916082851328 6.028512504031367 -0.0059332042248902 -0.02940743252352617
8.423674066849305 4.567448234813886 -0.011589611358048205 -0.027670939784716384
18.523251664758867 1.2762089760986983 0.01899590076714111 0.023219727691015837
2.0284010335526026 2.6254953941604664 -0.013210278510814041 0.026934894498897237
19.472055975125087 4.041402160869354 0.026902497778458993 -0.013276129454024196
18.04868686227733 18.80144406308142 -0.027712597437432842 -0.011489645045465525
18.817917801796302 7.788376217507795 0.025622697382003415 0.015603761689742491
14.69131554770183 1.9410914219406328 -0.01654394727334481 0.025025942711849773
2.2295678155033194 0.6371729004278714 0.024602288185410406 0.017167626977599888
14.003802938946635 14.816965657785758 -0.019874773144586067 -0.022472058037733
10.353753149910137 13.4852847787663 0.015057197461014592 -0.025947655089044477
3.9199966723837676 17.720912894083696 -0.02350408594054212 -0.018642905999323445
11.084899519740421 14.170269827358187 -0.01664590273476172 -0.024958243570909637
7.422284925460292 17.19762850802405 0.0075069050024033695 0.0290455913571215
1.8775165523036552 9.904187396592647 0.0024062714971254924 0.029903341911601142
18.64157765761181 13.316453212339642 0.02854463597369558 -0.0092305881247732
9.085622393405085 1.1028714652864102 0.015296353727107602 -0.025807393565705182
16.87810402317813 5.290284785442352 -0.029980504818260763 0.0010813560201169427
8.336565915000385 16.258702360140006 0.029012964980137248 0.007632028764445904
4.270712194185116 9.727134795197692 -0.006847064938892318 0.02920817867862684
9.390364308321768 15.07488602039298 0.028985667459244756 0.007735055393601238
18.14241961524949 10.470672228645636 -0.02986358757708477 0.002857645363894586
1.991462253949663 0.7899686520104487 0.015278091779289201 -0.025818208915097413
6.565608976736586 18.16736721133076 -0.029056832644624216 0.007463275196741734
14.266599771521074 2.2585249864179846 -0.002844637525006067 -0.02986482943784088
6.769131787637088 2.89356057807602 0.005144033938043983 -0.02955569175039305
2.826619183522132 11.390358196238957 0.013876882815392675 -0.026597596194540954
16.68684786301574 18.07726997637284 -0.014922735264877628 -0.02602521800512683
11.645444766335784 6.1462648768345085 -0.014842709714234141 -0.02607094107121911
15.94542420035631 19.43577920014752 -0.021305333027824107 0.021120671972584285
14.957596472812254 7.29112469216556 -0.027915546425463976 -0.010987368555198532
4.3187422243532865 1.7873972344752365 -0.01766378172656976 -0.024248521916110686
4.965280165102932 7.0498991003184175 0.0040400256699872315 -0.029726725224717306
13.234611458373873 19.638143670805512 4.0958044375879305E-4 -0.029997203934035092
7.39380358728517 17.921781475912436 -0.029947223563679518 0.0017787076283072214
4.091872336851381 6.8329334562632855 -0.02978986123922881 -0.00354459692313425
3.3836603218342787 3.092301566175095 -0.015646417111778985 0.025596672275204638
0.4050213912901568 5.924977131918374 0.01162898404651457 -0.027654416103868644
13.55053922530191 8.740398195701694 -0.028487851373045943 -0.00940437792452241
8.299361670138847 1.0730159846977427 -0.02875022045414554 0.008568828615279408
5.159640472001912 10.352423237299524 -0.029678022971147112 0.004383486343547143
0.48004150419106884 8.2275675970389 0.02936215300181501 0.006153370710269758
4.314437407279746 6.900417317788063 -0.02926759511119213 -0.006588465406095909
16.02834433426151 14.305964030761242 -0.021957297054728802 -0.02044204260954364
7.106291964564344 0.07794965965902456 0.015419886465812684 0.02573377355502777
15.460868323080826 11.36055321306676 0.01773028940764257 -0.024199934659441494
14.251558124689618 12.061002291224108 -0.012563781539802595 0.027242455715667694
15.331998146826608 2.981380625663914 -0.02882488478053835 0.008314205758140016
7.485855151312575 0.5089528465243331 -0.027673585866885633 0.011583291642193409
16.86490203581953 16.09790494084933 -0.02990150121978971 0.0024290378348050135
9.70750977955465 9.464322902723158 -0.02894405161945377 -0.007889352055168759
10.9464070571291 11.895226058196371 0.029106607608340163 0.007266731970708323
18.567609997067056 9.859784915524374 -0.026610051004734816 -0.013852984715411028
9.289142220696284 11.86779913845979 -0.025042078125448713 -0.016519513405634047
1.0841505508459792 13.594603160904622 -0.02980313568757017 -0.003431195591667903
15.310440537230104 18.41413174622241 -0.029265235633059668 0.0065989380464961615
8.291222796892672 15.385352274624369 -0.011054003491037093 0.02788922743318896
4.6493367375797545 0.3333671796121762 -0.01880969263521389 -0.023370825038256143
19.4875712129898 1.3001552784817272 -0.013302614239743781 -0.02688941156642454
15.275729264631757 10.810376281731372 0.014784618701214154 0.026103927862674396
8.075970942863055 11.211829785366769 -0.001806073043453094 0.029945585654011043
1.562045131349199 4.848933061312075 -0.011300898773139684 -0.027790100520135762
0.22721488976518156 3.201031561944714 0.026566876500117124 -0.013935604508865928
10.897727833339045 2.6990960465690916 0.010531631037662036 -0.028090652318637128
15.788902964621236 14.740776216431028 0.029916853142113755 0.002232016593396691
0.5281945015787515 10.879023052758033 0.02962959852051889 0.004699669298244798
2.306153165231195 11.521329667865283 0.005960964993230538 -0.029401817908923253
16.077768458324698 0.3544689043069038 -0.0036304263817782665 -0.029779523238065587
9.232661949352241 17.93950944485275 -0.011544392352635867 0.02768983577431261
1.143094261462514 6.940085564384382 -0.02787426717933915 0.011091673868935035
4.077683983721165 11.176601538331482 0.010229810661212839 0.028201967552561578
13.579900840859745 18.84176033629805 0.01150168906359321 0.02770760091896121
6.236332687578345 15.709523856557144 0.029635794284837685 -0.004660439582998788
2.4992949552797206 14.472511559094578 0.02193365268743728 0.02046741018758542
10.653584490470429 9.013211390800688 -0.005437514099007225 0.02950310899588546
9.075233202788016 6.437271311925052 -0.0061078234764723825 0.029371661382704466
2.530359176631738 8.778620359305778 0.017816324990748682 0.024136664306072288
2.2650830080099893 8.273208504151041 0.01592533833558803 -0.02542407518272887
8.43449609357168 3.5379015568050565 -0.005846231459842225 0.029424846264984136
10.370391783008095 4.718400900287419 -0.0011319910520696784 0.02997863566371949
8.059200830509361 3.191338702977604 -0.019954443399275257 -0.022401343455809075
3.6127988370883 16.71662546163305 0.021015847755029182 -0.021408739877382666
6.293086058301871 4.292229619344825 -0.016164596108904316 0.025272630109191153
8.855615124295564 3.99117036614705 0.027703819130624367 -0.011510795175731834
6.233085811428369 2.4761826344274174 0.02559463789936194 -0.015649744751929512
12.237582649269054 12.964799631448447 0.024967080317623996 0.016632645622789915
11.47577964330135 16.217944535110853 -0.02903311813624363 -0.00755500173970338
0.461920297102858 10.382733587410486 8.223115074555634E-4 0.029988727945424863
18.84285254897768 11.94703255268182 -0.02924857746105668 -0.0066723846190524
18.148557692593933 4.71463618696599 0.02797242272015352 -0.01084175111156123
1.1990138905370307 9.925780099422798 0.028739980375511873 0.008603111531021336
13.045668953072443 1.9615382343273846 -0.012485693908222873 0.02727833293348709
11.959534558222062 7.3500537354096025 -0.02846987843895059 0.009458647983267812
8.730856224645212 0.7532990117430294 -0.028082243259479125 0.010554033045023089
8.201125111168533 3.7215439336062373 0.026561611479347495 -0.013945637153611712
6.122776908988101 16.657967038892355 -0.009283168541862915 0.02852757931937736
5.113003047650089 2.196305547465671 -0.0037263700956242122 -0.029767669809886658
10.768316544541126 17.690239723422202 0.025126208242120616 0.01639126777810642
0.1711292839885914 7.559794180411783 -0.02995542658861327 0.0016347531600217128
17.253716963051232 4.543441701773487 0.029822997635023794 -0.0032540454915943005
7.3916362234428945 19.62417318557283 0.025078566003105165 0.016464067760668916
9.683067830638812 9.707052085682005 -0.014586784578405171 0.02621499028539208
19.01082078458192 2.786793288586702 0.010640165238951225 -0.028049721632982635
7.134364117960175 11.186130818801951 -0.020043811103172517 0.022321416542422617
19.82763066794459 15.514637928715052 -0.01681376306129987 0.02484546984298079
4.18964386015753 18.01399723626631 -0.02954382035649518 0.005211782683798397
16.296766713138535 14.600846799816852 0.027945683669418846 0.010910488726394284
2.576647383008852 17.336556632784195 0.011440785401209838 -0.027732804210960416
13.530248632549753 9.836320745169404 0.011245530515812981 -0.02781255190409393
3.877655435346352 4.924695840100142 0.00197208750087161 0.029935111005120824
16.093924998013577 16.59952485206293 -0.01422840264605902 0.02641122030769538
13.066872153914575 3.1065523698377384 0.004107108106620801 -0.029717531240002586
17.501925966287384 2.826130366631874 -0.029941814315803044 0.001867553340060676
5.928468876412931 0.05814270259981935 -0.017577798095835626 -0.024310923760771357
15.43278170599306 8.5996853835109 -0.013676214119480801 0.026701332688802516
2.468486560261327 12.090178230278688 0.02208370785544476 0.020305414237472903
8.919838108141782 1.615258128521344 -0.029722039694123733 0.004074353497296598
15.23774552118391 3.1498577147393902 -0.0013398966373865562 -0.029970063012965457
16.29705172008601 10.107620693040356 -0.006298437897379746 0.02933137705687973
12.689968331073217 2.5353627525356237 0.018442059273874847 -0.023662004347453046
11.888175902917219 1.2891665356036897 0.024803051847184364 -0.016876273850168592
19.657090921081313 19.3016367976607 -0.020268490936652478 -0.02211760102612479
10.879143079539432 12.38304351709991 -0.010148875608259743 0.02823119416333766
0.7674199642278978 8.71018771788782 -0.028875134062967087 0.008137974738574562
18.264029388038317 12.124128862516702 -0.009490339158832002 0.028459329975428792
18.88448406572422 8.222032208516513 -0.02531835202733324 -0.01609288820007244
14.1457452383838 11.982055650322929 0.029221618028282142 -0.006789480083863264
4.815364692043644 16.01789778948841 -0.005012317912770451 0.02957831417003546
6.132450712775435 1.8717716819239194 0.029917703351501294 -0.002220591401309182
11.724549581865162 9.107337696050699 -0.00486758302120322 0.02960247684792092
14.416055751421034 7.980626862315243 0.029921433814831484 0.0021697461751686276
17.678132721333483 18.199861772882816 -0.023832988330106976 0.01822055617309704
7.8539026189777505 8.466996626435122 -0.012133950543425759 -0.02743660409397813
12.006156656905336 17.28551691298015 0.021429449554769296 -0.020994730095421514
13.690316188767444 3.7715384883468883 -0.029972901732852712 0.0012748183057811407
19.868152850348697 14.125881278227816 0.02089060207204738 -0.02153097176319196
10.329976601733451 14.413544878877389 0.021387842842057324 0.021037114311698198
8.386217530233592 17.593168764645462 0.008783530930259728 -0.028685354876612047
14.87648223953596 12.394133832889763 -0.02906968691738842 -0.007413049475419453
